000 8.29	 3.51	 3.69	 3.38	 000000_10.png
001 40.77	 22.03	 26.97	 28.64	 000001_10.png
002 10.04	 6.84	 6.98	 7.11	 000002_10.png
003 2.76	 1.97	 2.05	 2.12	 000003_10.png
004 0.67	 0.66	 0.71	 0.66	 000004_10.png
005 0.63	 0.57	 0.54	 0.48	 000005_10.png
006 0.92	 1.10	 0.93	 1.16	 000006_10.png
007 5.74	 4.18	 4.09	 4.70	 000007_10.png
008 2.42	 1.95	 2.15	 2.28	 000008_10.png
009 1.67	 1.41	 1.46	 1.44	 000009_10.png
010 5.49	 2.87	 2.94	 3.07	 000010_10.png
011 7.40	 5.31	 6.24	 5.26	 000011_10.png
012 3.06	 2.31	 2.32	 2.24	 000012_10.png
013 1.65	 1.27	 1.36	 1.36	 000013_10.png
014 13.52	 9.21	 9.09	 11.16	 000014_10.png
015 10.50	 6.65	 6.72	 6.23	 000015_10.png
016 3.46	 2.89	 2.55	 2.47	 000016_10.png
017 4.14	 3.14	 3.04	 2.90	 000017_10.png
018 13.08	 7.96	 3.57	 3.45	 000018_10.png
019 2.57	 1.57	 1.47	 1.45	 000019_10.png
020 6.02	 3.18	 3.27	 2.97	 000020_10.png
021 6.32	 5.96	 5.77	 5.83	 000021_10.png
022 12.78	 6.74	 7.07	 6.13	 000022_10.png
023 0.73	 0.68	 0.70	 0.72	 000023_10.png
024 3.38	 2.28	 2.40	 2.45	 000024_10.png
025 13.35	 7.15	 7.25	 6.33	 000025_10.png
026 2.39	 1.18	 1.43	 1.35	 000026_10.png
027 9.35	 7.88	 6.15	 5.48	 000027_10.png
028 3.48	 2.27	 2.89	 2.32	 000028_10.png
029 1.28	 1.60	 1.40	 1.40	 000029_10.png
030 0.86	 0.84	 0.90	 0.88	 000030_10.png
031 6.40	 4.84	 4.31	 8.49	 000031_10.png
032 2.24	 1.89	 2.01	 2.13	 000032_10.png
033 3.53	 2.98	 3.12	 3.15	 000033_10.png
034 3.21	 5.11	 4.24	 5.00	 000034_10.png
035 5.01	 3.60	 3.82	 4.90	 000035_10.png
036 1.13	 1.05	 1.03	 1.11	 000036_10.png
037 2.82	 2.16	 2.48	 2.24	 000037_10.png
038 4.06	 3.13	 3.29	 3.14	 000038_10.png
039 3.54	 2.10	 1.90	 1.98	 000039_10.png
040 4.61	 5.39	 3.17	 4.29	 000040_10.png
041 2.48	 1.70	 1.68	 1.67	 000041_10.png
042 2.94	 2.12	 2.21	 2.15	 000042_10.png
043 2.75	 1.63	 1.63	 1.62	 000043_10.png
044 3.47	 2.49	 2.95	 3.20	 000044_10.png
045 0.86	 0.92	 0.94	 0.96	 000045_10.png
046 3.77	 2.98	 2.92	 2.86	 000046_10.png
047 6.73	 4.36	 4.11	 3.70	 000047_10.png
048 11.11	 8.19	 7.23	 6.51	 000048_10.png
049 2.30	 2.16	 2.19	 2.07	 000049_10.png
050 1.07	 1.00	 1.09	 0.97	 000050_10.png
051 4.64	 2.99	 3.21	 3.27	 000051_10.png
052 2.16	 1.66	 1.61	 1.67	 000052_10.png
053 2.22	 1.87	 1.86	 1.79	 000053_10.png
054 7.83	 6.43	 5.66	 5.22	 000054_10.png
055 8.73	 7.11	 7.48	 6.84	 000055_10.png
056 0.80	 0.72	 0.71	 0.68	 000056_10.png
057 3.52	 3.04	 3.01	 2.97	 000057_10.png
058 2.71	 1.93	 1.87	 1.74	 000058_10.png
059 9.49	 7.86	 7.28	 7.79	 000059_10.png
060 5.73	 4.37	 3.54	 3.79	 000060_10.png
061 6.86	 5.67	 5.79	 5.71	 000061_10.png
062 31.48	 20.25	 15.61	 16.04	 000062_10.png
063 5.73	 4.17	 4.07	 3.97	 000063_10.png
064 6.35	 5.90	 5.94	 5.56	 000064_10.png
065 2.73	 2.06	 2.02	 1.96	 000065_10.png
066 7.73	 5.95	 6.24	 6.22	 000066_10.png
067 3.64	 2.71	 3.11	 2.52	 000067_10.png
068 1.01	 0.94	 0.95	 0.88	 000068_10.png
069 0.27	 0.31	 0.27	 0.27	 000069_10.png
070 5.71	 4.55	 4.65	 4.03	 000070_10.png
071 0.60	 0.51	 0.52	 0.52	 000071_10.png
072 1.38	 1.07	 1.11	 1.05	 000072_10.png
073 4.53	 3.92	 3.34	 2.86	 000073_10.png
074 13.20	 12.81	 7.38	 10.33	 000074_10.png
075 3.56	 3.86	 3.81	 3.64	 000075_10.png
076 4.14	 3.42	 3.67	 3.23	 000076_10.png
077 5.15	 3.79	 4.30	 4.48	 000077_10.png
078 1.99	 1.73	 1.75	 1.79	 000078_10.png
079 2.98	 2.31	 1.92	 2.12	 000079_10.png
080 3.00	 2.25	 2.40	 2.37	 000080_10.png
081 0.41	 0.37	 0.41	 0.38	 000081_10.png
082 4.65	 3.41	 3.79	 4.04	 000082_10.png
083 10.64	 8.88	 8.91	 9.00	 000083_10.png
084 2.73	 1.69	 1.87	 1.82	 000084_10.png
085 9.05	 7.91	 4.36	 4.21	 000085_10.png
086 0.96	 0.82	 0.81	 0.71	 000086_10.png
087 0.84	 0.78	 0.81	 0.83	 000087_10.png
088 0.60	 0.62	 0.60	 0.62	 000088_10.png
089 3.53	 2.52	 2.76	 2.52	 000089_10.png
090 0.76	 0.69	 0.72	 0.69	 000090_10.png
091 1.29	 0.88	 0.92	 0.92	 000091_10.png
092 5.54	 5.85	 5.02	 5.13	 000092_10.png
093 0.99	 0.95	 1.00	 0.97	 000093_10.png
094 1.69	 1.71	 1.63	 1.72	 000094_10.png
095 0.94	 0.88	 0.97	 0.88	 000095_10.png
096 2.43	 2.27	 1.92	 1.80	 000096_10.png
097 1.16	 1.06	 1.03	 0.95	 000097_10.png
098 0.48	 0.52	 0.50	 0.49	 000098_10.png
099 2.16	 1.47	 1.50	 1.51	 000099_10.png
100 1.02	 0.93	 0.99	 1.01	 000100_10.png
101 16.12	 5.76	 7.91	 7.10	 000101_10.png
102 4.06	 2.16	 2.84	 1.83	 000102_10.png
103 4.99	 3.15	 3.07	 3.25	 000103_10.png
104 8.03	 4.33	 4.29	 4.11	 000104_10.png
105 3.02	 1.91	 2.01	 1.79	 000105_10.png
106 1.19	 1.03	 1.06	 1.13	 000106_10.png
107 4.51	 2.63	 2.76	 2.80	 000107_10.png
108 2.90	 2.17	 2.06	 2.07	 000108_10.png
109 1.92	 1.60	 1.64	 1.66	 000109_10.png
110 1.74	 1.22	 1.27	 1.11	 000110_10.png
111 2.35	 2.10	 2.21	 2.03	 000111_10.png
112 20.08	 14.79	 13.82	 13.08	 000112_10.png
113 4.45	 2.57	 2.62	 2.64	 000113_10.png
114 1.60	 1.39	 1.40	 1.44	 000114_10.png
115 2.71	 2.01	 1.92	 1.94	 000115_10.png
116 1.49	 1.45	 1.45	 1.47	 000116_10.png
117 7.29	 9.47	 5.45	 6.37	 000117_10.png
118 4.90	 3.34	 3.64	 3.06	 000118_10.png
119 2.44	 1.86	 1.93	 1.93	 000119_10.png
120 0.85	 0.72	 0.62	 0.63	 000120_10.png
121 3.36	 2.63	 2.62	 2.59	 000121_10.png
122 1.22	 1.17	 1.15	 1.16	 000122_10.png
123 5.47	 2.72	 2.62	 2.61	 000123_10.png
124 4.62	 5.46	 3.62	 3.55	 000124_10.png
125 1.75	 1.91	 1.66	 1.60	 000125_10.png
126 2.67	 2.01	 2.15	 2.03	 000126_10.png
127 6.02	 4.73	 5.10	 4.79	 000127_10.png
128 2.58	 1.64	 1.67	 1.68	 000128_10.png
129 3.38	 2.24	 2.42	 2.34	 000129_10.png
130 6.95	 4.68	 4.61	 3.63	 000130_10.png
131 4.14	 4.88	 3.07	 5.25	 000131_10.png
132 3.12	 2.31	 2.38	 2.09	 000132_10.png
133 6.53	 5.18	 4.86	 3.89	 000133_10.png
134 0.89	 0.90	 0.95	 0.92	 000134_10.png
135 14.01	 7.80	 10.01	 9.19	 000135_10.png
136 1.54	 1.60	 1.47	 1.63	 000136_10.png
137 3.17	 2.40	 2.17	 2.12	 000137_10.png
138 1.69	 1.46	 1.59	 1.64	 000138_10.png
139 3.78	 2.43	 2.79	 2.52	 000139_10.png
140 17.04	 14.47	 10.87	 17.66	 000140_10.png
141 4.11	 3.84	 6.41	 10.81	 000141_10.png
142 5.53	 2.50	 2.11	 2.06	 000142_10.png
143 0.57	 0.49	 0.49	 0.50	 000143_10.png
144 9.16	 8.35	 5.05	 11.08	 000144_10.png
145 4.11	 2.71	 2.78	 2.84	 000145_10.png
146 0.95	 0.91	 0.95	 0.91	 000146_10.png
147 3.75	 1.33	 1.47	 1.42	 000147_10.png
148 3.08	 1.87	 2.10	 1.87	 000148_10.png
149 5.28	 3.36	 3.78	 2.83	 000149_10.png
150 1.25	 0.94	 0.95	 0.94	 000150_10.png
151 12.78	 7.98	 9.19	 12.63	 000151_10.png
152 3.55	 3.13	 2.63	 2.67	 000152_10.png
153 3.28	 2.44	 2.59	 2.75	 000153_10.png
154 5.43	 4.18	 3.43	 3.79	 000154_10.png
155 3.95	 3.11	 2.79	 2.76	 000155_10.png
156 15.87	 7.94	 7.55	 7.15	 000156_10.png
157 0.20	 0.20	 0.26	 0.20	 000157_10.png
158 4.19	 2.92	 3.08	 2.82	 000158_10.png
159 0.43	 0.43	 0.43	 0.41	 000159_10.png
160 1.07	 0.95	 1.00	 0.99	 000160_10.png
161 1.82	 1.53	 1.64	 1.66	 000161_10.png
162 7.16	 4.47	 3.98	 3.74	 000162_10.png
163 4.95	 3.62	 4.06	 3.33	 000163_10.png
164 2.07	 2.00	 2.06	 2.34	 000164_10.png
165 5.66	 3.81	 4.20	 4.04	 000165_10.png
166 8.63	 6.33	 6.29	 4.95	 000166_10.png
167 2.85	 2.17	 2.24	 2.16	 000167_10.png
168 4.87	 3.76	 3.74	 3.69	 000168_10.png
169 17.73	 13.47	 13.33	 16.21	 000169_10.png
170 0.95	 0.33	 0.31	 0.32	 000170_10.png
171 9.56	 5.17	 6.62	 5.66	 000171_10.png
172 8.62	 5.03	 5.25	 4.53	 000172_10.png
173 3.91	 2.78	 1.37	 1.39	 000173_10.png
174 2.10	 1.65	 1.83	 1.52	 000174_10.png
175 2.54	 1.28	 1.56	 1.34	 000175_10.png
176 1.33	 1.04	 1.27	 1.26	 000176_10.png
177 1.60	 1.20	 1.24	 1.23	 000177_10.png
178 1.33	 1.37	 1.24	 1.38	 000178_10.png
179 0.95	 0.56	 0.43	 0.37	 000179_10.png
180 0.18	 0.21	 0.29	 0.21	 000180_10.png
181 37.53	 26.69	 22.17	 16.75	 000181_10.png
182 1.58	 1.45	 1.40	 1.38	 000182_10.png
183 1.03	 0.91	 0.89	 0.90	 000183_10.png
184 8.69	 7.04	 6.98	 7.54	 000184_10.png
185 0.41	 0.39	 0.38	 0.41	 000185_10.png
186 2.30	 1.52	 1.41	 1.39	 000186_10.png
187 4.16	 3.85	 3.67	 3.58	 000187_10.png
188 10.53	 5.34	 5.51	 5.07	 000188_10.png
189 2.38	 1.72	 1.92	 1.90	 000189_10.png
190 0.79	 0.66	 0.76	 0.63	 000190_10.png
191 11.60	 6.05	 6.60	 5.87	 000191_10.png
192 6.01	 4.41	 4.23	 4.32	 000192_10.png
193 0.26	 0.26	 0.29	 0.26	 000193_10.png
avg4.84	 3.49	 3.35	 3.41	 