000 24.44	 2.43	 2.62	 2.48	 000000_10.png
001 35.38	 9.64	 25.02	 3.55	 000001_10.png
002 24.39	 5.25	 5.10	 2.87	 000002_10.png
003 2.37	 1.77	 1.88	 1.77	 000003_10.png
004 0.81	 0.56	 0.58	 0.58	 000004_10.png
005 3.45	 0.57	 0.58	 0.44	 000005_10.png
006 2.65	 0.73	 0.70	 0.76	 000006_10.png
007 10.69	 1.75	 1.63	 4.12	 000007_10.png
008 5.63	 1.93	 1.91	 1.56	 000008_10.png
009 6.88	 1.42	 1.49	 1.28	 000009_10.png
010 8.70	 2.12	 2.31	 2.21	 000010_10.png
011 30.48	 4.29	 5.28	 3.25	 000011_10.png
012 4.16	 1.83	 1.62	 1.48	 000012_10.png
013 5.65	 1.02	 1.08	 1.03	 000013_10.png
014 8.37	 2.78	 2.61	 2.01	 000014_10.png
015 27.04	 2.42	 2.58	 2.33	 000015_10.png
016 12.52	 1.33	 1.45	 1.36	 000016_10.png
017 8.19	 1.71	 1.78	 1.68	 000017_10.png
018 22.36	 2.35	 1.89	 1.68	 000018_10.png
019 20.24	 2.04	 1.31	 1.24	 000019_10.png
020 6.70	 2.10	 2.32	 2.28	 000020_10.png
021 14.69	 3.20	 3.94	 2.52	 000021_10.png
022 34.67	 4.69	 6.72	 2.95	 000022_10.png
023 0.71	 0.61	 0.61	 0.64	 000023_10.png
024 8.40	 1.72	 1.86	 1.84	 000024_10.png
025 23.28	 3.30	 4.29	 3.84	 000025_10.png
026 4.29	 0.86	 0.86	 1.10	 000026_10.png
027 16.59	 2.03	 3.24	 2.01	 000027_10.png
028 4.79	 2.06	 3.34	 1.80	 000028_10.png
029 10.10	 2.48	 1.75	 0.97	 000029_10.png
030 0.71	 0.73	 0.70	 0.68	 000030_10.png
031 16.80	 2.21	 2.15	 1.73	 000031_10.png
032 4.44	 1.54	 1.82	 1.67	 000032_10.png
033 4.98	 1.96	 2.03	 2.14	 000033_10.png
034 39.36	 3.09	 3.92	 1.88	 000034_10.png
035 13.89	 3.09	 3.33	 1.95	 000035_10.png
036 4.87	 0.89	 1.69	 0.88	 000036_10.png
037 17.35	 1.87	 3.66	 1.83	 000037_10.png
038 5.03	 2.19	 4.19	 2.21	 000038_10.png
039 9.76	 1.18	 1.21	 1.17	 000039_10.png
040 16.32	 2.03	 1.67	 1.48	 000040_10.png
041 5.09	 1.33	 1.36	 1.31	 000041_10.png
042 5.96	 1.50	 1.58	 1.28	 000042_10.png
043 2.55	 1.19	 2.33	 1.21	 000043_10.png
044 18.06	 3.20	 3.86	 2.21	 000044_10.png
045 10.05	 0.72	 0.75	 0.82	 000045_10.png
046 15.91	 2.10	 2.34	 1.90	 000046_10.png
047 30.91	 2.59	 2.58	 2.07	 000047_10.png
048 14.02	 2.49	 2.50	 1.72	 000048_10.png
049 12.37	 1.67	 3.29	 1.47	 000049_10.png
050 1.52	 1.15	 1.38	 0.90	 000050_10.png
051 16.78	 2.05	 2.26	 2.19	 000051_10.png
052 5.32	 1.50	 1.48	 1.39	 000052_10.png
053 3.06	 0.92	 0.93	 0.75	 000053_10.png
054 24.52	 3.09	 3.59	 2.42	 000054_10.png
055 16.23	 2.41	 2.89	 2.26	 000055_10.png
056 4.32	 2.17	 0.67	 0.65	 000056_10.png
057 14.59	 1.66	 2.27	 1.72	 000057_10.png
058 21.75	 1.47	 1.81	 1.29	 000058_10.png
059 22.90	 3.54	 4.19	 2.52	 000059_10.png
060 58.23	 2.92	 5.22	 2.37	 000060_10.png
061 16.02	 3.26	 3.55	 2.45	 000061_10.png
062 19.47	 4.52	 5.97	 2.96	 000062_10.png
063 13.00	 2.92	 3.84	 2.28	 000063_10.png
064 4.07	 2.10	 2.00	 2.10	 000064_10.png
065 5.52	 1.56	 1.71	 1.67	 000065_10.png
066 9.12	 4.13	 4.24	 3.73	 000066_10.png
067 7.72	 2.06	 3.19	 1.98	 000067_10.png
068 1.42	 0.84	 0.89	 0.78	 000068_10.png
069 5.87	 0.32	 0.26	 0.25	 000069_10.png
070 6.86	 2.12	 2.38	 2.08	 000070_10.png
071 2.50	 0.46	 0.46	 0.48	 000071_10.png
072 2.37	 1.01	 1.05	 0.96	 000072_10.png
073 13.46	 2.28	 5.09	 1.52	 000073_10.png
074 54.93	 5.63	 5.04	 2.97	 000074_10.png
075 5.02	 2.61	 2.30	 2.10	 000075_10.png
076 5.62	 2.14	 2.12	 2.05	 000076_10.png
077 14.82	 2.09	 2.84	 2.11	 000077_10.png
078 3.26	 1.15	 1.12	 1.00	 000078_10.png
079 16.33	 1.90	 1.89	 1.63	 000079_10.png
080 3.88	 2.34	 2.31	 1.97	 000080_10.png
081 4.81	 0.38	 0.38	 0.36	 000081_10.png
082 6.37	 2.22	 2.35	 1.67	 000082_10.png
083 18.01	 4.81	 5.06	 3.10	 000083_10.png
084 3.05	 1.55	 1.74	 1.62	 000084_10.png
085 5.67	 2.00	 2.31	 2.23	 000085_10.png
086 3.72	 0.73	 0.69	 0.66	 000086_10.png
087 4.42	 0.75	 0.83	 0.78	 000087_10.png
088 0.60	 0.59	 0.55	 0.62	 000088_10.png
089 5.57	 2.01	 2.16	 2.08	 000089_10.png
090 11.25	 0.65	 0.67	 0.68	 000090_10.png
091 1.88	 0.87	 0.96	 0.90	 000091_10.png
092 27.20	 2.53	 2.30	 2.06	 000092_10.png
093 1.22	 0.94	 1.05	 0.95	 000093_10.png
094 12.84	 1.26	 1.72	 1.29	 000094_10.png
095 1.18	 0.79	 0.87	 0.75	 000095_10.png
096 19.03	 1.75	 1.50	 1.22	 000096_10.png
097 1.82	 0.97	 1.09	 0.85	 000097_10.png
098 6.72	 0.61	 0.49	 0.46	 000098_10.png
099 2.23	 1.39	 1.69	 1.45	 000099_10.png
100 0.96	 0.86	 0.93	 0.94	 000100_10.png
101 32.79	 2.91	 3.10	 2.72	 000101_10.png
102 4.31	 0.82	 0.99	 0.82	 000102_10.png
103 12.55	 1.50	 1.86	 1.33	 000103_10.png
104 25.69	 2.32	 1.91	 1.77	 000104_10.png
105 20.41	 4.58	 4.39	 1.69	 000105_10.png
106 1.23	 0.79	 0.82	 0.83	 000106_10.png
107 4.37	 2.01	 2.21	 2.12	 000107_10.png
108 5.95	 1.59	 2.21	 1.60	 000108_10.png
109 1.53	 1.39	 1.36	 1.40	 000109_10.png
110 7.81	 1.13	 1.03	 0.93	 000110_10.png
111 15.84	 2.76	 2.15	 1.61	 000111_10.png
112 22.25	 5.51	 5.64	 5.05	 000112_10.png
113 9.04	 2.23	 2.48	 2.23	 000113_10.png
114 2.71	 1.27	 1.26	 1.31	 000114_10.png
115 6.55	 1.70	 2.08	 1.50	 000115_10.png
116 5.66	 1.26	 1.74	 1.23	 000116_10.png
117 14.43	 2.34	 1.90	 2.27	 000117_10.png
118 11.12	 2.39	 4.72	 2.04	 000118_10.png
119 4.55	 1.57	 1.81	 1.72	 000119_10.png
120 16.48	 1.18	 0.73	 0.60	 000120_10.png
121 9.51	 2.21	 2.79	 2.09	 000121_10.png
122 1.09	 0.95	 1.06	 0.92	 000122_10.png
123 35.05	 2.88	 1.99	 1.74	 000123_10.png
124 7.99	 2.13	 2.74	 1.77	 000124_10.png
125 1.52	 1.02	 0.94	 0.94	 000125_10.png
126 1.30	 1.10	 1.08	 1.08	 000126_10.png
127 23.29	 3.33	 3.35	 2.33	 000127_10.png
128 8.09	 1.41	 1.59	 1.45	 000128_10.png
129 1.94	 1.18	 1.24	 1.30	 000129_10.png
130 31.71	 2.74	 2.45	 2.08	 000130_10.png
131 14.83	 1.60	 1.66	 1.78	 000131_10.png
132 11.57	 1.32	 1.39	 1.42	 000132_10.png
133 14.56	 1.61	 1.75	 1.19	 000133_10.png
134 1.74	 0.79	 0.72	 0.70	 000134_10.png
135 12.48	 3.72	 4.10	 3.25	 000135_10.png
136 11.09	 0.86	 1.19	 0.88	 000136_10.png
137 14.17	 2.09	 1.72	 1.40	 000137_10.png
138 6.22	 1.34	 1.28	 1.37	 000138_10.png
139 3.93	 2.02	 2.73	 2.18	 000139_10.png
140 38.02	 7.56	 6.47	 3.52	 000140_10.png
141 23.24	 2.51	 2.90	 1.75	 000141_10.png
142 2.75	 1.57	 2.03	 1.79	 000142_10.png
143 1.27	 0.51	 0.53	 0.46	 000143_10.png
144 17.98	 3.60	 3.00	 2.95	 000144_10.png
145 18.28	 1.99	 2.20	 2.15	 000145_10.png
146 1.30	 0.96	 0.98	 0.90	 000146_10.png
147 5.50	 0.88	 0.81	 0.97	 000147_10.png
148 8.71	 2.29	 2.23	 1.54	 000148_10.png
149 7.25	 1.84	 2.64	 1.44	 000149_10.png
150 2.68	 0.92	 0.88	 0.83	 000150_10.png
151 25.18	 2.75	 2.64	 2.54	 000151_10.png
152 17.72	 2.17	 2.44	 4.50	 000152_10.png
153 7.63	 2.26	 2.97	 2.29	 000153_10.png
154 9.97	 2.30	 2.15	 2.08	 000154_10.png
155 13.54	 2.22	 2.61	 2.11	 000155_10.png
156 20.85	 4.11	 5.50	 8.29	 000156_10.png
157 6.21	 1.14	 0.29	 0.22	 000157_10.png
158 4.94	 2.48	 2.47	 2.57	 000158_10.png
159 0.44	 0.41	 0.41	 0.40	 000159_10.png
160 0.77	 0.79	 0.79	 0.80	 000160_10.png
161 13.69	 1.29	 1.31	 1.35	 000161_10.png
162 18.04	 3.01	 3.12	 2.91	 000162_10.png
163 8.83	 2.15	 2.15	 2.27	 000163_10.png
164 15.46	 1.43	 1.57	 1.58	 000164_10.png
165 11.41	 2.36	 2.92	 2.37	 000165_10.png
166 21.52	 3.77	 3.48	 2.94	 000166_10.png
167 2.84	 1.37	 1.64	 1.73	 000167_10.png
168 7.74	 3.77	 4.80	 3.24	 000168_10.png
169 8.88	 4.00	 4.28	 4.06	 000169_10.png
170 27.34	 2.49	 0.62	 0.35	 000170_10.png
171 10.97	 3.08	 4.12	 3.15	 000171_10.png
172 25.02	 2.77	 3.16	 3.07	 000172_10.png
173 26.09	 1.60	 1.08	 1.05	 000173_10.png
174 1.40	 0.71	 0.91	 0.89	 000174_10.png
175 8.12	 1.65	 2.77	 0.95	 000175_10.png
176 6.82	 0.98	 1.12	 0.85	 000176_10.png
177 2.27	 1.14	 1.21	 1.16	 000177_10.png
178 12.22	 1.89	 2.14	 1.44	 000178_10.png
179 28.62	 0.99	 0.56	 0.35	 000179_10.png
180 6.19	 0.25	 0.26	 0.22	 000180_10.png
181 54.20	 11.52	 8.80	 8.19	 000181_10.png
182 8.39	 1.65	 1.38	 1.26	 000182_10.png
183 1.50	 0.81	 0.85	 0.84	 000183_10.png
184 5.50	 5.43	 5.40	 4.41	 000184_10.png
185 5.33	 0.37	 0.38	 0.36	 000185_10.png
186 10.67	 1.50	 0.99	 1.09	 000186_10.png
187 6.46	 3.10	 3.22	 2.89	 000187_10.png
188 12.08	 3.20	 2.86	 3.20	 000188_10.png
189 3.13	 1.48	 1.98	 1.45	 000189_10.png
190 1.48	 0.59	 0.60	 0.61	 000190_10.png
191 24.72	 4.72	 5.34	 4.46	 000191_10.png
192 6.85	 3.13	 2.83	 3.05	 000192_10.png
193 0.37	 0.25	 0.29	 0.26	 000193_10.png
avg11.61	 2.08	 2.33	 1.78	 