0001 : ambush_2/frame_0001.png
 Matches:	13.44	14.84	15.76	16.32	16.94	17.42	18.11	18.70	19.45	20.09
 Outlier:	46.14	48.80	50.94	52.36	53.80	54.94	56.54	57.82	59.39	60.52
EpicFlow:	11.39	10.38	11.15	9.71	10.03	9.61	10.93	12.08	14.27	13.39
 RicFlow:	21.43	22.61	22.06	22.41	22.07	22.47	23.15	24.15	25.52	26.31
 FlowSAC:	24.15	21.38	19.73	20.84	23.82	19.97	23.57	21.85	23.68	24.48
FlowSAC*:	21.01	21.75	19.65	25.22	24.59	19.79	23.86	24.40	23.67	24.11
0002 : ambush_2/frame_0002.png
 Matches:	10.36	11.75	12.89	13.82	14.59	15.43	16.13	16.72	17.29	18.12
 Outlier:	51.15	54.63	57.74	60.24	62.06	63.88	65.40	66.59	67.65	69.09
EpicFlow:	35.92	37.72	50.91	50.58	46.06	28.39	31.11	30.27	36.57	31.74
 RicFlow:	30.81	30.51	29.96	30.25	30.55	31.32	31.54	32.35	34.53	35.28
 FlowSAC:	34.94	35.12	21.91	26.68	24.10	30.24	35.56	35.01	36.53	30.77
FlowSAC*:	35.37	35.14	34.65	35.41	34.59	29.01	35.52	34.44	36.11	34.88
0003 : ambush_2/frame_0003.png
 Matches:	9.04	10.32	11.34	11.98	12.51	13.23	13.75	14.23	14.94	15.72
 Outlier:	61.80	65.62	68.10	69.51	70.61	72.03	72.96	73.55	74.54	75.66
EpicFlow:	46.82	49.91	44.01	45.15	44.32	44.61	44.07	47.76	57.30	57.66
 RicFlow:	55.71	52.03	64.53	60.88	65.20	64.52	60.99	61.61	59.56	57.73
 FlowSAC:	40.75	41.73	35.80	43.97	49.28	35.44	53.92	52.94	51.43	47.43
FlowSAC*:	40.94	42.46	35.85	44.03	49.20	41.22	52.84	53.01	51.49	51.31
0004 : ambush_2/frame_0004.png
 Matches:	8.23	9.74	11.07	11.90	12.68	13.48	14.17	14.61	15.59	16.37
 Outlier:	68.04	70.95	73.20	74.48	75.50	76.26	77.03	77.45	78.50	79.27
EpicFlow:	35.36	36.70	32.07	38.54	38.82	43.48	40.54	40.55	40.54	41.28
 RicFlow:	29.35	31.66	32.66	34.28	36.79	36.69	36.17	37.11	37.61	39.32
 FlowSAC:	37.32	31.41	30.05	34.48	48.52	47.72	47.09	48.85	47.31	37.89
FlowSAC*:	49.38	32.05	30.33	31.49	48.13	47.27	47.33	49.04	47.44	35.21
0005 : ambush_2/frame_0005.png
 Matches:	7.86	9.76	11.25	12.24	13.09	14.01	14.56	15.01	15.99	17.06
 Outlier:	65.97	68.37	71.23	72.99	74.40	75.63	76.36	76.97	78.22	79.45
EpicFlow:	30.01	26.15	30.63	30.68	30.47	30.49	29.07	29.97	30.64	30.44
 RicFlow:	31.29	34.00	34.20	35.04	36.08	36.40	37.73	38.10	40.82	43.84
 FlowSAC:	12.37	28.97	11.05	30.93	29.41	29.81	30.33	33.66	34.81	29.86
FlowSAC*:	12.44	28.89	26.10	32.81	31.48	29.73	30.42	32.74	34.77	29.87
0006 : ambush_2/frame_0006.png
 Matches:	8.20	9.99	11.36	12.28	13.36	14.41	15.17	15.85	16.87	17.83
 Outlier:	70.68	72.87	75.13	76.29	77.66	78.80	79.65	80.40	81.36	82.10
EpicFlow:	34.11	34.77	33.78	32.12	30.29	31.67	32.03	29.52	28.80	30.65
 RicFlow:	36.39	37.89	41.53	41.73	41.16	43.24	46.58	46.82	48.18	49.96
 FlowSAC:	34.43	36.18	36.57	37.82	36.48	37.15	36.26	35.41	24.40	37.90
FlowSAC*:	34.87	37.44	36.38	37.81	36.15	36.59	38.64	36.08	24.14	37.07
0007 : ambush_2/frame_0007.png
 Matches:	8.64	10.36	11.61	12.43	13.20	14.13	14.91	15.48	16.42	17.39
 Outlier:	54.47	58.96	61.88	63.95	65.65	67.58	68.96	69.92	71.39	72.83
EpicFlow:	19.71	24.73	24.55	23.45	23.58	23.18	23.30	23.37	24.70	24.50
 RicFlow:	26.02	27.99	28.13	28.83	31.20	31.76	30.42	31.62	35.92	34.34
 FlowSAC:	13.53	17.98	11.71	11.33	11.69	19.00	20.19	15.16	13.00	20.20
FlowSAC*:	13.11	17.84	11.72	14.23	11.30	19.22	20.66	14.81	12.58	19.27
0008 : ambush_2/frame_0008.png
 Matches:	9.87	11.14	12.20	13.02	13.78	14.53	15.37	15.94	17.18	17.87
 Outlier:	44.83	48.89	51.98	53.92	55.73	56.93	58.87	59.85	62.15	63.44
EpicFlow:	21.19	19.51	24.12	23.49	22.08	21.99	22.42	22.93	24.02	23.65
 RicFlow:	22.44	22.15	23.23	24.79	26.65	26.91	26.96	29.40	29.17	31.24
 FlowSAC:	17.36	10.04	18.81	19.88	21.51	9.46	19.64	14.69	15.87	17.13
FlowSAC*:	12.12	9.79	18.56	13.68	21.34	20.32	18.41	8.42	12.35	12.56
0009 : ambush_2/frame_0009.png
 Matches:	9.93	11.29	12.27	12.89	13.53	14.47	15.18	15.69	16.67	17.67
 Outlier:	43.66	47.38	50.12	51.16	52.33	54.79	56.66	57.87	59.91	61.45
EpicFlow:	19.43	23.54	22.53	21.66	21.48	25.92	25.39	25.20	24.94	25.59
 RicFlow:	23.63	26.37	26.70	24.92	26.68	28.31	28.70	29.37	29.36	29.09
 FlowSAC:	13.16	22.96	26.44	23.01	11.43	21.70	30.52	24.10	25.28	23.92
FlowSAC*:	13.62	20.25	26.39	22.91	11.20	21.22	14.76	24.02	25.28	17.72
0010 : ambush_2/frame_0010.png
 Matches:	8.68	10.18	11.34	12.11	12.76	13.65	14.18	14.85	15.85	16.64
 Outlier:	48.03	53.35	56.72	58.93	60.73	62.24	63.34	64.75	66.53	67.92
EpicFlow:	22.08	23.72	24.95	25.26	24.89	25.15	26.58	25.49	25.28	26.28
 RicFlow:	23.70	24.41	25.98	27.56	27.28	27.88	27.43	28.31	28.82	30.13
 FlowSAC:	25.55	25.97	25.83	24.90	25.29	26.12	26.22	25.74	25.24	31.28
FlowSAC*:	26.18	26.30	26.59	25.03	24.32	25.51	25.71	25.47	26.28	30.36
0011 : ambush_2/frame_0011.png
 Matches:	10.38	11.69	12.85	13.60	14.20	14.89	15.59	16.25	17.13	17.84
 Outlier:	47.07	51.25	54.81	56.53	57.78	59.13	60.76	62.17	63.80	65.06
EpicFlow:	24.74	26.09	25.05	25.19	24.96	24.72	24.72	24.67	24.72	25.27
 RicFlow:	30.20	30.76	31.02	30.99	30.37	30.06	31.00	31.46	33.57	35.91
 FlowSAC:	27.03	28.56	31.27	28.91	28.16	28.45	30.51	31.68	28.59	28.86
FlowSAC*:	28.88	27.64	30.83	31.65	27.03	28.38	27.66	30.06	28.32	27.43
0012 : ambush_2/frame_0012.png
 Matches:	9.67	10.87	11.79	12.48	13.04	13.56	14.13	14.64	15.39	15.99
 Outlier:	46.38	50.35	53.43	55.49	57.04	58.41	59.81	61.08	62.80	64.01
EpicFlow:	34.13	35.08	34.81	33.23	34.44	35.12	33.78	34.95	31.87	32.79
 RicFlow:	33.84	34.74	36.62	35.96	36.23	36.16	36.16	36.56	37.41	37.50
 FlowSAC:	34.45	32.41	34.75	32.89	33.29	32.69	33.14	34.63	32.65	33.42
FlowSAC*:	32.27	32.41	33.84	33.34	32.65	32.90	32.25	33.02	31.07	33.14
0013 : ambush_2/frame_0013.png
 Matches:	8.76	10.18	11.33	11.96	12.56	13.11	13.62	14.22	15.05	15.65
 Outlier:	45.85	51.10	54.79	56.63	58.43	59.72	60.81	61.77	63.60	64.91
EpicFlow:	79.76	73.49	67.28	66.12	67.59	67.99	69.05	68.29	69.98	71.75
 RicFlow:	60.74	61.72	65.30	67.25	66.16	66.48	68.65	67.92	68.22	69.96
 FlowSAC:	52.99	53.37	54.18	56.00	53.61	53.06	55.69	54.26	52.21	53.05
FlowSAC*:	55.70	53.05	53.69	55.80	53.64	53.98	55.19	53.68	51.65	54.11
0014 : ambush_2/frame_0014.png
 Matches:	7.46	8.74	9.83	10.62	11.42	12.15	12.72	13.33	14.06	14.98
 Outlier:	40.26	46.80	51.24	54.09	56.45	58.53	60.00	61.42	63.05	64.89
EpicFlow:	64.72	59.55	61.48	62.95	64.82	71.84	69.45	71.50	66.44	71.78
 RicFlow:	70.71	73.54	74.89	73.36	76.54	75.55	76.90	79.04	78.73	74.31
 FlowSAC:	67.01	67.66	66.14	66.10	65.19	65.89	64.70	65.06	70.11	66.11
FlowSAC*:	67.57	67.55	66.06	65.99	65.94	65.63	65.17	64.73	67.90	66.25
0015 : ambush_2/frame_0015.png
 Matches:	6.52	7.73	8.68	9.29	10.04	10.69	11.29	11.85	12.80	14.07
 Outlier:	51.27	53.88	57.23	59.21	61.67	63.60	65.27	66.71	68.78	71.40
EpicFlow:	66.35	77.48	74.69	70.47	75.17	73.38	73.22	83.12	80.64	92.89
 RicFlow:	75.45	77.45	79.73	78.50	82.30	83.45	85.95	86.17	83.32	87.25
 FlowSAC:	73.60	75.33	72.34	74.30	72.50	73.15	72.36	74.51	78.44	79.57
FlowSAC*:	73.44	75.33	71.44	74.60	72.50	73.14	72.77	74.49	75.79	82.94
0016 : ambush_2/frame_0016.png
 Matches:	7.66	9.03	10.15	10.78	11.37	12.09	12.80	13.29	14.08	14.73
 Outlier:	52.29	56.65	60.13	61.96	63.43	65.15	66.89	67.97	69.27	70.49
EpicFlow:	29.80	79.21	78.19	78.48	77.03	78.91	84.40	85.42	84.33	84.06
 RicFlow:	41.65	37.39	41.00	41.28	42.74	44.56	47.72	48.87	50.20	50.22
 FlowSAC:	23.58	23.29	25.21	25.38	25.57	23.35	25.46	25.91	34.31	23.59
FlowSAC*:	23.76	25.80	23.81	25.38	25.81	25.73	22.82	26.09	26.35	25.93
0017 : ambush_2/frame_0017.png
 Matches:	10.94	12.96	14.08	14.66	15.20	15.82	16.57	16.96	17.84	18.49
 Outlier:	38.19	42.14	45.02	46.40	47.91	49.56	51.57	52.54	54.50	55.83
EpicFlow:	10.39	10.43	10.15	10.16	10.12	10.90	11.94	11.61	11.75	12.56
 RicFlow:	18.09	18.25	17.62	17.41	17.47	17.90	18.71	20.19	21.48	22.54
 FlowSAC:	10.05	10.47	10.41	11.25	11.31	11.00	10.39	10.53	10.33	10.95
FlowSAC*:	10.32	10.48	10.34	11.03	11.35	10.85	10.18	10.53	10.30	11.03
0018 : ambush_2/frame_0018.png
 Matches:	14.77	16.22	17.15	17.70	18.16	18.61	18.99	19.29	20.00	20.67
 Outlier:	27.09	30.06	32.60	34.21	35.51	36.71	37.75	38.53	40.25	41.90
EpicFlow:	8.94	10.37	13.37	14.18	15.03	12.23	10.96	10.25	11.36	17.34
 RicFlow:	19.52	20.09	20.30	18.30	19.54	19.31	18.62	18.87	18.66	20.14
 FlowSAC:	3.98	3.81	4.14	3.61	5.68	2.38	3.88	3.92	3.76	4.87
FlowSAC*:	4.25	3.63	4.14	4.19	4.23	2.63	5.16	4.10	3.02	7.25
0019 : ambush_2/frame_0019.png
 Matches:	10.23	11.91	12.95	13.65	14.27	14.79	15.47	16.05	17.21	18.14
 Outlier:	39.14	41.68	44.08	45.66	47.06	48.19	49.74	50.83	53.31	55.11
EpicFlow:	12.99	16.70	17.33	13.01	13.88	13.82	13.70	13.61	15.28	15.30
 RicFlow:	18.54	20.57	19.94	20.52	21.74	21.98	22.75	23.12	25.29	25.23
 FlowSAC:	4.93	3.94	5.58	4.46	13.57	11.35	10.97	4.47	3.96	7.68
FlowSAC*:	4.92	4.00	5.59	10.53	13.39	11.13	11.13	6.15	13.27	6.23
0020 : ambush_2/frame_0020.png
 Matches:	5.64	6.93	7.87	8.43	8.92	9.56	10.06	10.52	11.65	13.10
 Outlier:	77.94	78.97	80.29	81.08	81.77	82.71	83.35	83.93	85.34	86.82
EpicFlow:	23.17	25.71	26.30	25.46	27.96	28.32	31.42	33.93	41.38	41.33
 RicFlow:	44.91	44.58	51.03	47.38	49.59	53.15	54.76	54.75	55.15	57.98
 FlowSAC:	10.64	9.16	8.49	8.57	8.97	9.19	20.43	8.70	17.57	11.51
FlowSAC*:	10.06	9.41	9.45	9.39	8.97	9.44	20.43	12.28	10.83	11.53
0021 : ambush_4/frame_0001.png
 Matches:	16.32	17.11	17.93	18.57	19.14	19.68	20.11	20.46	21.08	21.65
 Outlier:	13.56	16.09	19.23	21.50	23.55	25.39	26.67	27.70	29.77	31.45
EpicFlow:	6.11	5.83	6.09	6.05	5.69	5.67	5.47	5.48	5.43	5.54
 RicFlow:	9.30	9.22	9.89	10.38	10.58	10.07	10.05	9.94	10.09	10.43
 FlowSAC:	5.25	5.14	5.51	7.36	5.77	5.65	7.38	5.65	6.51	5.73
FlowSAC*:	5.18	5.14	5.79	5.48	5.96	5.75	5.04	5.86	5.85	6.23
0022 : ambush_4/frame_0002.png
 Matches:	16.78	17.48	18.27	18.66	19.15	19.48	19.85	20.09	20.62	21.17
 Outlier:	12.40	15.17	18.01	19.26	20.82	21.95	23.23	24.07	25.93	27.75
EpicFlow:	6.05	5.99	5.96	5.95	5.94	5.95	5.95	5.67	5.61	5.62
 RicFlow:	11.47	10.02	8.89	8.80	9.13	9.07	9.02	9.47	9.92	11.74
 FlowSAC:	4.84	5.18	7.09	6.48	5.65	7.42	6.93	6.34	8.87	7.06
FlowSAC*:	4.84	5.18	5.23	6.48	5.65	7.42	6.93	6.34	8.75	5.38
0023 : ambush_4/frame_0003.png
 Matches:	6.77	7.23	7.68	8.03	8.45	8.97	9.39	9.80	10.68	11.35
 Outlier:	14.63	17.64	21.09	23.39	26.68	30.35	33.21	35.71	40.47	43.51
EpicFlow:	6.81	6.76	6.61	7.06	7.24	7.75	51.75	61.98	40.31	39.08
 RicFlow:	49.23	59.47	63.30	66.47	68.84	72.95	71.99	78.40	83.26	81.04
 FlowSAC:	20.41	6.50	20.30	23.34	6.59	19.50	6.96	17.09	35.02	7.21
FlowSAC*:	6.89	6.50	6.54	9.34	6.59	6.68	6.96	17.09	31.22	7.21
0024 : ambush_4/frame_0004.png
 Matches:	2.59	3.11	3.71	4.22	4.75	5.22	5.69	6.26	7.21	8.29
 Outlier:	58.56	64.07	69.06	72.08	74.85	76.78	78.50	80.29	82.67	84.83
EpicFlow:	63.00	64.73	70.06	80.84	89.23	93.08	96.02	98.78	99.22	98.34
 RicFlow:	98.03	94.55	100.95	109.30	116.73	117.56	126.24	128.18	129.44	130.92
 FlowSAC:	64.32	63.88	67.29	73.16	71.65	71.62	71.98	70.88	72.44	69.42
FlowSAC*:	65.04	64.19	67.68	68.42	67.74	71.82	71.98	70.88	72.70	69.42
0025 : ambush_4/frame_0005.png
 Matches:	2.52	3.30	4.11	4.76	5.32	5.93	6.52	7.16	8.42	9.35
 Outlier:	77.21	81.53	84.24	85.81	87.01	88.21	89.08	89.94	91.22	92.02
EpicFlow:	164.54	146.87	141.54	138.26	144.60	126.54	118.13	121.49	108.57	107.00
 RicFlow:	129.67	144.15	141.22	137.03	136.39	123.35	123.39	123.13	124.51	125.02
 FlowSAC:	86.68	89.19	99.36	90.34	97.40	89.99	92.94	102.04	94.48	92.49
FlowSAC*:	89.31	88.84	89.57	94.25	97.67	90.94	93.19	101.96	94.88	93.72
0026 : ambush_4/frame_0006.png
 Matches:	4.29	5.19	6.14	6.73	7.48	8.25	8.89	9.49	10.58	11.64
 Outlier:	48.73	55.62	61.39	64.41	67.59	70.46	72.45	74.01	76.37	78.28
EpicFlow:	49.53	43.43	51.10	54.45	56.68	54.18	54.43	55.15	55.79	53.47
 RicFlow:	53.37	53.57	63.06	63.55	82.28	76.49	82.76	86.38	82.08	82.28
 FlowSAC:	43.61	48.68	50.11	60.25	53.36	68.49	59.58	51.13	66.35	61.42
FlowSAC*:	43.41	48.84	50.09	60.32	53.71	68.65	59.57	51.43	67.03	61.55
0027 : ambush_4/frame_0007.png
 Matches:	6.49	7.37	8.20	8.85	9.57	10.23	10.90	11.44	12.23	13.03
 Outlier:	32.02	38.02	42.85	46.34	49.79	52.70	55.21	57.09	59.63	61.88
EpicFlow:	59.72	59.16	61.77	67.70	62.94	63.45	59.86	58.07	58.38	60.39
 RicFlow:	63.97	66.01	67.08	64.56	64.52	66.46	65.52	68.90	68.64	68.32
 FlowSAC:	53.41	66.34	72.95	66.42	52.73	52.25	63.34	57.25	58.68	51.10
FlowSAC*:	53.81	65.90	60.55	63.17	52.46	55.40	62.88	58.70	55.52	57.41
0028 : ambush_4/frame_0008.png
 Matches:	7.08	7.95	8.89	9.54	10.21	10.82	11.34	11.83	12.80	13.61
 Outlier:	29.22	35.75	41.63	45.26	48.40	50.66	52.65	54.45	57.59	60.00
EpicFlow:	80.67	50.32	40.44	49.78	47.45	55.42	63.36	62.01	57.52	51.96
 RicFlow:	70.97	57.51	55.95	57.18	63.48	65.86	68.40	70.04	71.71	74.47
 FlowSAC:	63.41	48.35	52.90	62.30	72.70	49.56	49.06	55.80	60.44	42.45
FlowSAC*:	63.47	43.81	52.84	61.94	69.78	43.91	55.29	72.28	58.58	43.43
0029 : ambush_4/frame_0009.png
 Matches:	9.36	10.22	11.01	11.54	12.18	12.82	13.36	13.76	14.47	15.09
 Outlier:	25.91	30.79	35.03	37.69	40.70	43.51	45.52	47.01	49.42	51.30
EpicFlow:	38.72	33.80	28.30	29.97	30.04	34.21	35.66	38.58	41.22	38.64
 RicFlow:	33.32	34.04	37.79	36.18	36.93	38.41	39.79	40.23	41.09	43.67
 FlowSAC:	29.97	28.44	33.17	34.78	31.15	30.37	31.24	39.74	33.22	35.10
FlowSAC*:	30.63	28.36	31.52	42.21	30.78	30.12	32.93	36.45	32.52	35.40
0030 : ambush_4/frame_0010.png
 Matches:	12.07	12.89	13.62	14.14	14.64	15.14	15.51	15.87	16.53	17.12
 Outlier:	18.47	22.46	25.75	28.07	30.25	32.33	33.80	35.16	37.70	39.75
EpicFlow:	31.87	31.90	33.34	36.31	37.45	36.78	38.36	42.40	37.40	32.17
 RicFlow:	26.91	33.90	30.72	32.38	39.08	38.28	42.09	40.86	40.28	40.71
 FlowSAC:	30.54	31.28	24.63	24.67	28.26	25.31	26.46	27.53	24.35	25.33
FlowSAC*:	26.20	30.15	25.08	24.72	25.53	25.06	26.55	27.75	24.57	25.32
0031 : ambush_4/frame_0011.png
 Matches:	13.97	15.10	15.95	16.50	17.02	17.51	17.91	18.26	18.83	19.25
 Outlier:	20.24	24.41	27.47	29.52	31.46	33.02	34.28	35.33	36.92	38.15
EpicFlow:	15.93	22.80	19.33	17.50	17.76	17.13	19.56	21.54	22.64	22.06
 RicFlow:	20.54	23.26	22.17	20.83	20.55	26.02	26.62	27.78	28.58	30.24
 FlowSAC:	18.96	15.07	13.15	14.21	14.95	14.32	15.08	13.27	14.31	12.86
FlowSAC*:	18.09	18.98	13.09	14.30	14.95	13.04	15.00	13.27	14.29	12.33
0032 : ambush_4/frame_0012.png
 Matches:	14.01	15.21	16.23	16.85	17.44	18.01	18.57	19.06	19.79	20.39
 Outlier:	18.30	23.09	26.93	29.22	31.32	33.17	34.99	36.46	38.54	40.09
EpicFlow:	14.10	13.71	16.11	17.18	16.87	16.43	17.25	17.85	18.37	18.93
 RicFlow:	13.90	15.84	16.93	17.13	18.22	17.63	18.73	18.21	20.26	20.32
 FlowSAC:	12.27	12.77	13.56	12.37	12.65	13.19	12.96	12.28	12.90	12.91
FlowSAC*:	12.42	12.79	13.68	12.39	13.28	13.32	12.59	11.91	12.45	12.59
0033 : ambush_4/frame_0013.png
 Matches:	12.93	13.75	14.46	14.98	15.63	16.17	16.70	17.15	17.86	18.49
 Outlier:	16.40	18.91	21.28	22.90	25.26	27.30	29.18	30.74	33.22	35.20
EpicFlow:	15.31	16.97	15.47	14.98	15.16	14.35	16.83	16.88	17.56	18.01
 RicFlow:	12.95	13.88	14.14	14.67	17.70	19.98	20.16	21.37	23.66	25.29
 FlowSAC:	16.54	18.78	12.86	14.21	14.45	14.31	13.38	13.62	14.97	16.72
FlowSAC*:	15.86	18.57	12.60	14.33	13.08	15.13	12.99	12.97	14.20	15.89
0034 : ambush_4/frame_0014.png
 Matches:	14.62	15.79	16.75	17.34	17.91	18.61	19.07	19.62	20.47	21.06
 Outlier:	17.15	21.58	25.22	26.99	28.76	30.98	32.37	34.11	36.30	37.88
EpicFlow:	6.84	6.77	6.85	6.68	7.56	8.15	8.52	8.00	7.57	7.65
 RicFlow:	7.70	7.72	7.99	8.29	9.30	10.32	10.43	10.35	10.44	10.61
 FlowSAC:	6.38	6.34	7.31	7.28	6.86	8.06	7.17	6.07	8.97	6.94
FlowSAC*:	6.33	6.30	6.43	6.84	6.72	6.43	6.28	6.23	6.41	6.75
0035 : ambush_4/frame_0015.png
 Matches:	14.75	15.94	16.97	17.66	18.09	18.59	19.07	19.39	19.94	20.45
 Outlier:	14.74	19.52	23.71	26.08	27.45	29.07	30.57	31.46	32.99	34.35
EpicFlow:	11.56	7.88	7.54	7.37	7.03	6.86	6.52	6.26	6.73	6.97
 RicFlow:	7.03	9.49	7.03	7.93	9.32	11.77	12.20	12.99	12.49	12.93
 FlowSAC:	7.88	8.99	9.18	8.71	6.74	8.28	7.73	10.20	6.97	8.67
FlowSAC*:	7.80	9.00	9.77	8.45	7.04	8.22	7.95	10.31	7.56	7.60
0036 : ambush_4/frame_0016.png
 Matches:	13.65	14.98	15.97	16.73	17.51	18.08	18.55	18.91	19.55	20.23
 Outlier:	16.23	20.68	24.31	26.92	29.44	31.36	32.71	33.84	35.65	37.45
EpicFlow:	13.98	8.18	9.33	10.58	9.26	10.78	8.83	9.50	9.63	10.55
 RicFlow:	11.92	10.94	9.24	8.87	8.79	10.02	10.43	9.22	10.52	13.67
 FlowSAC:	8.65	11.38	14.18	14.89	14.11	13.93	11.09	11.32	8.32	8.95
FlowSAC*:	8.66	13.56	14.29	14.22	14.07	14.80	10.86	12.37	8.36	8.79
0037 : ambush_4/frame_0017.png
 Matches:	15.44	16.72	17.72	18.46	18.92	19.41	19.78	20.05	20.54	21.08
 Outlier:	16.88	20.89	24.41	26.87	28.27	29.61	30.70	31.45	32.77	34.27
EpicFlow:	10.38	10.30	10.25	9.30	8.42	8.58	8.51	8.69	8.99	9.17
 RicFlow:	9.98	10.10	10.67	11.21	11.53	12.41	12.92	12.19	12.55	12.70
 FlowSAC:	10.43	10.73	10.72	11.42	12.53	9.84	11.25	10.43	9.50	10.29
FlowSAC*:	10.42	10.78	10.73	11.32	12.60	11.05	11.53	10.31	10.45	10.13
0038 : ambush_4/frame_0018.png
 Matches:	17.00	18.34	19.65	20.32	20.84	21.37	21.81	22.08	22.61	23.00
 Outlier:	13.48	17.30	21.41	23.49	25.09	26.67	27.99	28.64	30.07	31.14
EpicFlow:	5.76	6.22	6.49	6.23	6.03	6.18	6.18	6.14	6.27	6.95
 RicFlow:	5.56	5.91	5.91	6.19	8.16	6.86	7.10	7.14	7.86	7.64
 FlowSAC:	5.97	6.18	5.05	5.23	5.52	5.29	5.41	4.90	5.58	4.98
FlowSAC*:	5.58	5.85	4.95	5.80	5.37	5.18	5.41	4.97	5.49	5.04
0039 : ambush_4/frame_0019.png
 Matches:	19.62	21.27	22.10	22.63	23.03	23.39	23.63	23.84	24.15	24.53
 Outlier:	18.65	22.06	23.93	25.28	26.37	27.28	27.73	28.22	28.84	29.81
EpicFlow:	4.29	4.25	4.16	4.02	4.02	4.00	4.11	4.30	4.31	4.44
 RicFlow:	4.84	5.06	4.69	4.42	4.72	4.64	4.58	4.99	4.90	5.40
 FlowSAC:	4.72	4.28	4.06	4.15	4.45	4.77	4.05	4.17	4.56	4.03
FlowSAC*:	4.67	4.27	4.00	4.09	4.27	4.95	4.15	4.27	4.73	4.04
0040 : ambush_4/frame_0020.png
 Matches:	15.34	16.38	17.10	17.56	17.96	18.39	18.85	19.35	20.06	20.82
 Outlier:	12.04	14.73	16.81	18.10	19.13	20.42	21.84	23.52	25.52	27.64
EpicFlow:	5.52	5.44	6.26	6.39	6.71	6.66	6.86	7.33	6.12	7.42
 RicFlow:	7.79	9.54	10.06	10.64	10.68	10.27	10.49	11.20	12.03	12.45
 FlowSAC:	6.46	6.75	5.28	8.19	7.73	7.36	6.70	5.65	8.05	6.03
FlowSAC*:	6.10	8.85	4.64	7.73	8.11	7.78	7.02	5.64	8.02	8.30
0041 : ambush_4/frame_0021.png
 Matches:	13.95	14.93	15.58	15.91	16.29	16.75	17.11	17.63	18.35	19.04
 Outlier:	12.03	14.97	17.08	18.04	19.39	21.07	22.12	23.89	26.15	28.24
EpicFlow:	7.32	8.50	7.96	8.55	9.10	8.76	8.79	9.67	10.90	10.86
 RicFlow:	11.64	12.95	12.08	11.45	11.81	12.67	12.68	13.44	14.02	14.42
 FlowSAC:	7.22	7.46	6.59	6.27	6.10	6.03	5.70	6.02	6.14	7.03
FlowSAC*:	7.66	7.83	6.68	6.13	6.09	6.10	5.65	6.55	6.04	6.48
0042 : ambush_4/frame_0022.png
 Matches:	17.62	18.84	19.61	19.96	20.28	20.59	20.89	21.22	21.58	22.10
 Outlier:	8.95	11.97	14.29	15.35	16.25	17.06	18.03	19.13	20.05	21.48
EpicFlow:	5.93	6.35	6.10	5.84	5.60	5.46	5.42	6.05	5.95	6.17
 RicFlow:	7.83	7.55	7.69	7.80	7.79	7.39	6.63	6.84	6.98	7.02
 FlowSAC:	5.12	4.37	5.76	5.48	5.92	6.11	5.66	5.92	5.98	6.35
FlowSAC*:	4.30	4.37	5.77	5.30	5.87	6.16	5.17	5.40	6.12	5.83
0043 : ambush_4/frame_0023.png
 Matches:	22.38	22.93	23.25	23.42	23.69	23.93	24.18	24.35	24.77	24.93
 Outlier:	4.35	6.00	7.00	7.56	8.37	9.09	9.95	10.52	11.42	11.86
EpicFlow:	3.98	5.34	5.44	5.58	5.68	5.20	5.11	5.36	5.51	5.21
 RicFlow:	6.45	6.48	7.74	6.06	6.61	7.15	6.48	7.07	6.42	6.30
 FlowSAC:	5.92	5.60	5.54	5.50	5.43	5.41	5.28	5.52	5.52	5.19
FlowSAC*:	5.73	5.60	5.60	5.47	5.45	5.42	5.24	5.56	5.42	5.16
0044 : ambush_4/frame_0024.png
 Matches:	21.86	22.91	23.61	23.95	24.27	24.49	24.72	25.00	25.27	25.41
 Outlier:	7.56	10.50	12.30	13.30	14.12	14.58	15.05	15.74	16.59	16.97
EpicFlow:	3.39	4.37	4.56	3.71	3.41	3.54	3.50	3.82	4.17	4.29
 RicFlow:	4.14	4.33	4.75	5.09	5.32	4.75	4.79	5.00	4.89	4.62
 FlowSAC:	3.50	3.50	4.57	4.42	4.50	3.63	4.60	4.39	3.05	3.61
FlowSAC*:	3.49	4.26	4.58	4.42	4.54	3.55	4.51	4.27	3.65	3.26
0045 : ambush_4/frame_0025.png
 Matches:	19.05	19.88	20.51	20.88	21.24	21.63	22.12	22.40	22.69	22.91
 Outlier:	7.56	9.40	11.06	11.85	12.61	13.36	14.45	15.10	15.83	16.48
EpicFlow:	3.16	3.24	3.18	6.83	3.69	6.61	6.54	5.62	5.83	6.92
 RicFlow:	3.34	3.46	3.35	3.49	3.35	3.39	4.73	5.87	9.33	9.53
 FlowSAC:	3.18	3.28	3.22	3.18	3.33	3.15	3.02	3.33	3.29	3.09
FlowSAC*:	3.38	3.17	3.57	3.18	3.19	3.27	3.21	2.97	3.13	3.30
0046 : ambush_4/frame_0026.png
 Matches:	16.39	17.41	17.85	18.09	18.34	18.69	18.95	19.13	19.52	20.01
 Outlier:	9.69	13.01	14.51	15.33	16.18	17.38	18.20	18.75	20.22	22.05
EpicFlow:	7.66	7.38	7.41	7.68	8.28	12.80	11.24	11.14	12.36	10.28
 RicFlow:	8.58	9.17	9.91	9.94	10.23	9.93	10.03	9.88	11.21	13.44
 FlowSAC:	7.86	9.68	7.77	7.95	7.72	7.78	7.82	7.86	7.68	7.78
FlowSAC*:	7.83	7.74	7.89	7.69	7.73	7.78	7.83	7.84	8.10	7.79
0047 : ambush_4/frame_0027.png
 Matches:	15.04	15.91	16.62	17.03	17.44	17.75	18.05	18.37	18.79	19.32
 Outlier:	10.12	13.17	15.82	17.44	19.11	20.25	21.39	22.53	24.15	26.02
EpicFlow:	24.54	23.83	23.51	23.69	23.44	23.33	22.67	22.68	23.79	23.93
 RicFlow:	23.02	23.37	25.83	29.04	34.64	35.25	36.14	37.43	36.41	41.17
 FlowSAC:	22.29	23.12	22.08	21.91	21.97	22.88	21.56	21.96	21.08	21.14
FlowSAC*:	22.29	22.35	22.64	21.98	21.96	22.35	21.39	21.35	21.09	21.31
0048 : ambush_4/frame_0028.png
 Matches:	15.26	16.16	16.75	17.15	17.47	17.81	18.01	18.23	18.60	18.98
 Outlier:	12.34	15.90	18.37	19.94	21.08	22.32	23.09	23.90	25.33	26.77
EpicFlow:	33.56	33.04	31.96	32.81	32.94	34.24	36.51	36.87	35.84	35.64
 RicFlow:	34.37	34.46	34.75	36.86	38.48	38.84	38.22	37.68	37.59	36.93
 FlowSAC:	33.07	34.07	32.75	33.07	32.30	33.22	25.76	33.03	32.78	34.49
FlowSAC*:	32.99	33.00	32.66	33.37	32.31	32.68	32.70	32.29	32.63	32.26
0049 : ambush_4/frame_0029.png
 Matches:	15.02	16.10	16.68	17.10	17.52	17.96	18.29	18.67	19.19	19.68
 Outlier:	12.24	16.48	18.32	19.69	21.31	22.91	24.03	25.34	27.06	28.50
EpicFlow:	21.88	18.21	18.18	17.54	17.19	16.54	17.29	15.65	16.74	17.60
 RicFlow:	25.48	22.67	21.69	21.76	21.36	20.41	20.28	20.74	21.12	22.23
 FlowSAC:	23.66	23.71	24.22	23.56	23.39	23.62	23.70	24.95	23.87	23.93
FlowSAC*:	23.16	23.01	22.57	23.03	22.62	22.82	22.16	22.92	23.06	23.28
0050 : ambush_4/frame_0030.png
 Matches:	14.54	15.27	16.00	16.46	16.95	17.46	17.91	18.30	19.06	19.83
 Outlier:	12.66	15.53	18.41	20.10	21.79	23.59	24.97	25.99	28.38	30.67
EpicFlow:	23.46	22.77	19.79	21.30	18.74	18.05	18.49	18.58	16.29	19.62
 RicFlow:	16.54	15.65	19.09	19.57	21.91	23.44	24.56	24.42	26.06	27.83
 FlowSAC:	13.82	16.23	13.37	12.36	15.95	12.89	17.05	13.38	13.24	13.18
FlowSAC*:	13.82	14.79	13.32	12.36	15.93	12.58	15.78	13.77	13.13	13.15
0051 : ambush_4/frame_0031.png
 Matches:	14.68	15.51	16.27	16.78	17.38	18.16	18.61	18.91	19.57	20.31
 Outlier:	13.52	16.97	19.88	21.88	24.16	26.54	27.93	28.90	30.82	33.08
EpicFlow:	10.61	10.87	9.14	8.52	8.84	8.88	8.57	9.19	8.69	9.79
 RicFlow:	7.84	8.61	8.54	8.67	8.53	8.60	8.76	9.02	10.50	12.74
 FlowSAC:	10.50	9.69	9.33	9.10	9.93	10.83	14.46	9.95	10.68	11.26
FlowSAC*:	10.52	7.77	9.21	7.12	9.15	6.91	13.43	9.35	9.51	10.30
0052 : ambush_4/frame_0032.png
 Matches:	17.54	18.52	19.34	19.83	20.24	20.78	21.19	21.50	21.97	22.35
 Outlier:	10.80	14.08	16.55	18.03	19.09	20.24	21.30	22.00	23.16	24.13
EpicFlow:	4.47	4.48	4.49	4.78	4.74	4.97	4.95	4.90	4.87	4.90
 RicFlow:	4.64	4.74	4.46	4.51	4.65	4.86	4.93	5.01	4.96	5.31
 FlowSAC:	4.46	4.72	3.66	4.10	3.70	3.84	4.51	4.01	5.34	6.24
FlowSAC*:	4.38	4.89	5.64	3.84	3.67	5.82	3.90	5.73	6.47	6.21
0053 : ambush_5/frame_0023.png
 Matches:	21.34	22.07	22.61	22.90	23.20	23.54	23.85	24.10	24.48	24.83
 Outlier:	9.34	10.92	12.24	12.98	13.76	14.71	15.44	16.00	17.08	18.04
EpicFlow:	4.61	4.40	4.42	4.38	4.48	5.74	4.43	5.24	5.70	5.76
 RicFlow:	3.60	3.76	4.15	4.42	5.37	5.69	5.88	5.91	5.86	5.67
 FlowSAC:	4.65	5.24	4.70	4.69	3.78	5.20	6.00	5.20	5.18	5.06
FlowSAC*:	4.96	4.97	4.89	4.89	4.88	4.58	5.37	5.24	5.05	4.87
0054 : ambush_5/frame_0028.png
 Matches:	20.36	21.30	21.83	22.20	22.44	22.72	22.98	23.25	23.70	24.04
 Outlier:	12.54	14.40	15.61	16.47	17.05	17.80	18.38	19.12	20.32	21.16
EpicFlow:	3.89	6.52	6.52	6.88	6.83	6.59	4.75	4.77	4.89	5.54
 RicFlow:	5.02	5.05	5.01	4.77	4.76	4.77	4.62	4.80	5.14	5.19
 FlowSAC:	3.83	3.77	3.75	3.74	4.89	4.94	4.21	4.78	5.02	4.94
FlowSAC*:	3.78	3.79	3.77	3.70	4.94	4.92	4.80	4.82	4.85	4.85
0055 : ambush_5/frame_0029.png
 Matches:	19.97	21.07	21.71	22.10	22.37	22.65	22.88	23.02	23.31	23.61
 Outlier:	15.79	18.62	20.50	21.69	22.52	23.35	24.00	24.37	25.12	25.87
EpicFlow:	4.07	4.02	4.13	4.12	4.14	4.67	4.66	4.94	5.32	5.75
 RicFlow:	4.14	3.80	3.84	3.86	3.96	4.03	4.15	4.22	4.46	5.40
 FlowSAC:	4.44	4.31	4.34	4.04	4.43	4.95	4.34	4.41	4.13	4.41
FlowSAC*:	4.36	4.17	4.46	4.11	4.09	4.19	4.48	4.85	4.14	4.66
0056 : ambush_5/frame_0030.png
 Matches:	19.58	20.43	21.14	21.55	21.84	22.11	22.38	22.57	23.00	23.35
 Outlier:	17.05	19.24	21.22	22.49	23.34	24.09	24.92	25.48	26.70	27.75
EpicFlow:	8.32	8.40	8.71	8.83	9.39	9.59	10.06	9.84	9.39	9.35
 RicFlow:	6.07	6.33	6.39	7.38	7.47	7.40	8.13	8.33	8.17	8.90
 FlowSAC:	5.77	6.19	6.24	5.85	6.60	5.80	6.56	6.38	6.21	6.32
FlowSAC*:	5.50	6.08	6.34	6.08	6.12	6.56	6.20	6.17	6.29	6.18
0057 : ambush_5/frame_0031.png
 Matches:	18.27	19.11	19.85	20.29	20.62	21.02	21.28	21.51	21.87	22.26
 Outlier:	19.38	21.66	23.98	25.32	26.30	27.20	27.89	28.37	29.07	30.18
EpicFlow:	10.98	11.31	16.83	24.24	30.94	31.75	31.98	29.08	28.63	28.70
 RicFlow:	13.32	23.56	25.58	26.54	26.68	25.80	25.32	26.10	27.45	27.90
 FlowSAC:	9.23	9.71	9.40	7.51	10.18	9.84	31.42	9.55	29.97	28.31
FlowSAC*:	9.21	9.17	9.33	7.50	10.39	9.73	31.22	9.43	29.07	27.95
0058 : ambush_5/frame_0032.png
 Matches:	16.46	17.43	18.00	18.35	18.64	19.00	19.27	19.58	20.16	20.71
 Outlier:	23.21	25.92	27.82	28.90	29.72	30.84	31.54	32.37	34.05	35.65
EpicFlow:	11.90	16.00	15.46	14.84	14.73	16.84	14.32	15.84	17.47	16.25
 RicFlow:	17.08	16.35	16.71	18.14	18.23	18.00	17.92	17.92	18.53	18.32
 FlowSAC:	10.91	9.98	11.52	11.45	9.67	11.19	11.13	12.74	14.96	11.08
FlowSAC*:	9.16	10.00	9.18	11.05	9.72	10.37	10.61	10.62	13.47	10.93
0059 : ambush_5/frame_0033.png
 Matches:	15.94	17.17	18.33	18.83	19.14	19.45	19.75	19.99	20.40	20.78
 Outlier:	22.81	26.36	28.80	30.34	31.15	32.09	32.90	33.57	34.60	35.69
EpicFlow:	11.68	11.10	9.62	9.70	9.63	9.68	10.21	9.45	9.09	8.91
 RicFlow:	8.03	7.82	8.04	8.12	8.25	8.36	8.60	8.84	9.75	9.85
 FlowSAC:	7.61	9.31	8.34	7.83	8.86	8.77	7.79	8.58	8.38	8.85
FlowSAC*:	8.76	8.85	7.56	8.02	8.04	7.75	8.36	9.61	8.38	8.53
0060 : ambush_5/frame_0034.png
 Matches:	15.41	16.85	18.03	18.75	19.41	19.92	20.37	20.67	21.22	21.70
 Outlier:	23.73	28.58	32.39	34.48	36.33	37.63	38.43	38.95	40.34	41.38
EpicFlow:	13.18	11.33	11.09	10.18	10.40	10.68	10.70	11.05	11.21	10.96
 RicFlow:	11.42	10.49	10.21	9.98	10.01	10.21	10.69	10.67	11.63	11.54
 FlowSAC:	11.18	10.04	11.67	12.03	10.09	8.98	11.22	10.41	9.95	10.04
FlowSAC*:	11.33	12.12	11.90	11.91	12.75	12.73	11.05	11.34	12.77	10.27
0061 : ambush_5/frame_0035.png
 Matches:	16.22	17.23	17.91	18.38	19.00	19.98	20.66	21.07	21.83	22.25
 Outlier:	21.41	24.39	26.68	28.06	30.17	32.37	33.87	34.94	36.84	37.81
EpicFlow:	8.60	10.89	9.67	9.44	8.92	9.06	8.64	8.54	8.84	9.04
 RicFlow:	10.22	12.76	13.09	13.17	13.52	13.37	13.16	11.93	12.00	12.02
 FlowSAC:	14.38	13.30	12.39	10.36	14.56	13.96	11.08	10.55	10.58	16.31
FlowSAC*:	14.39	13.30	24.48	9.73	14.16	13.95	11.09	10.34	10.57	15.76
0062 : ambush_5/frame_0036.png
 Matches:	13.90	15.19	16.28	16.89	17.37	17.98	18.59	19.11	19.90	20.56
 Outlier:	27.71	31.34	34.82	36.71	37.97	39.78	41.57	42.88	44.88	46.45
EpicFlow:	31.01	29.27	31.49	27.20	27.38	27.06	25.46	24.56	24.53	24.76
 RicFlow:	29.86	26.51	28.34	25.64	27.83	30.42	32.82	31.71	30.71	30.05
 FlowSAC:	27.08	32.12	31.22	30.90	30.70	29.74	29.49	31.39	27.81	27.02
FlowSAC*:	29.37	31.24	30.95	30.97	31.16	29.77	30.10	31.99	28.05	26.61
0063 : ambush_5/frame_0037.png
 Matches:	14.40	15.77	16.72	17.19	17.62	18.02	18.49	18.95	19.62	20.23
 Outlier:	33.34	36.50	38.86	40.03	40.96	41.85	42.80	43.84	45.56	47.05
EpicFlow:	16.38	15.95	26.29	25.79	25.36	25.38	25.22	25.74	25.36	27.49
 RicFlow:	21.04	21.26	23.71	28.82	28.18	26.58	22.98	24.43	24.76	24.23
 FlowSAC:	15.34	18.96	20.39	20.87	20.71	19.77	16.66	20.29	23.26	19.58
FlowSAC*:	15.35	19.03	20.60	21.06	20.52	19.81	17.04	20.53	22.98	19.43
0064 : ambush_5/frame_0038.png
 Matches:	13.10	14.29	15.20	15.67	16.13	16.79	17.29	17.73	18.36	18.84
 Outlier:	32.03	34.95	37.78	39.11	40.39	42.24	43.64	44.85	46.52	47.73
EpicFlow:	15.90	13.17	13.74	14.25	15.35	15.32	14.78	15.02	14.86	15.04
 RicFlow:	17.02	19.93	20.98	21.66	22.01	21.85	21.63	21.52	22.65	23.36
 FlowSAC:	15.64	13.99	14.44	13.60	14.28	14.81	14.41	16.04	19.11	19.09
FlowSAC*:	13.14	13.39	14.59	12.59	16.80	12.95	13.98	15.99	18.63	18.57
0065 : ambush_5/frame_0039.png
 Matches:	13.03	14.31	15.20	15.78	16.42	17.14	17.66	18.15	18.83	19.53
 Outlier:	31.04	34.27	36.69	38.22	39.89	41.90	43.30	44.64	46.36	48.08
EpicFlow:	21.48	20.27	20.89	21.06	22.07	23.64	23.54	23.43	22.39	24.36
 RicFlow:	19.44	18.82	19.56	19.81	20.35	20.20	21.03	23.85	24.58	25.57
 FlowSAC:	24.44	23.00	19.23	20.30	14.10	22.61	14.02	15.33	15.54	13.00
FlowSAC*:	24.57	22.09	19.13	14.46	14.00	23.01	13.57	15.28	14.03	19.44
0066 : ambush_5/frame_0040.png
 Matches:	15.46	17.05	18.11	18.71	19.19	19.64	20.00	20.33	20.77	21.16
 Outlier:	30.24	34.09	36.95	38.48	39.74	40.90	41.90	42.72	43.84	44.67
EpicFlow:	13.40	13.20	12.81	13.36	13.29	14.35	14.38	14.22	13.70	13.51
 RicFlow:	12.03	12.14	12.84	12.87	12.94	13.39	12.76	13.78	13.42	14.24
 FlowSAC:	10.71	9.61	9.92	10.60	11.15	9.70	9.45	9.62	10.22	10.33
FlowSAC*:	10.77	10.74	9.84	10.49	11.50	10.17	10.44	9.68	10.13	10.46
0067 : ambush_5/frame_0041.png
 Matches:	16.79	18.35	19.27	19.72	20.22	20.57	20.88	21.06	21.39	22.00
 Outlier:	28.25	31.91	34.30	35.42	36.71	37.57	38.33	38.77	39.54	41.04
EpicFlow:	11.68	11.77	10.96	10.96	10.85	10.90	10.98	11.10	11.15	10.89
 RicFlow:	9.63	9.91	10.17	10.25	10.03	10.03	9.79	10.03	10.23	10.20
 FlowSAC:	7.38	7.60	7.72	7.11	8.10	7.47	7.71	8.43	7.22	7.12
FlowSAC*:	7.45	7.61	7.53	7.37	8.07	7.48	7.17	8.17	7.16	7.48
0068 : ambush_5/frame_0042.png
 Matches:	19.09	20.36	21.17	21.55	21.96	22.35	22.63	22.92	23.33	23.82
 Outlier:	23.95	26.38	28.27	29.17	30.14	31.14	31.81	32.52	33.44	34.60
EpicFlow:	6.62	6.56	6.51	6.73	6.61	6.54	6.53	6.54	6.45	6.54
 RicFlow:	6.70	6.60	6.71	6.63	6.60	6.55	6.56	6.67	6.67	6.85
 FlowSAC:	4.66	4.77	4.96	4.74	4.97	4.89	4.81	4.84	4.96	5.07
FlowSAC*:	4.88	4.94	5.14	4.82	4.87	5.07	4.87	4.72	4.82	4.99
0069 : ambush_5/frame_0043.png
 Matches:	13.88	14.83	15.47	15.82	16.27	16.79	17.24	17.62	18.29	19.03
 Outlier:	16.66	20.31	22.63	23.96	25.64	27.69	29.28	30.56	32.70	35.04
EpicFlow:	14.64	14.57	14.76	15.20	19.25	23.43	23.01	22.95	23.18	22.84
 RicFlow:	16.48	16.30	15.75	16.08	16.64	16.65	18.96	20.92	19.35	22.15
 FlowSAC:	9.82	10.96	10.81	11.67	11.58	10.84	12.67	11.58	10.65	12.07
FlowSAC*:	11.49	10.95	10.80	11.11	10.73	11.22	12.19	10.49	11.29	10.43
0070 : ambush_5/frame_0044.png
 Matches:	13.52	14.23	14.82	15.15	15.56	16.07	16.47	16.86	17.55	18.09
 Outlier:	13.54	16.40	19.11	20.43	22.19	24.08	25.60	26.98	29.59	31.57
EpicFlow:	20.96	21.28	21.60	40.61	41.92	32.99	30.33	27.00	23.68	24.12
 RicFlow:	22.83	22.50	23.13	23.66	25.77	32.58	36.55	41.80	43.18	42.68
 FlowSAC:	20.08	21.96	23.03	19.75	21.95	19.51	19.38	23.88	20.82	18.51
FlowSAC*:	24.00	18.46	20.52	18.57	20.97	20.77	24.70	20.32	20.85	18.87
0071 : ambush_5/frame_0045.png
 Matches:	14.87	15.69	16.32	16.67	16.96	17.38	17.66	17.97	18.43	18.92
 Outlier:	10.40	13.34	16.07	17.50	18.67	20.09	21.08	22.27	23.98	25.73
EpicFlow:	28.79	51.01	73.43	74.16	75.76	79.93	76.52	57.42	60.58	62.55
 RicFlow:	29.98	27.23	44.81	53.26	55.00	52.76	50.62	56.15	56.64	54.47
 FlowSAC:	39.90	41.25	44.25	64.97	61.28	43.53	60.04	55.08	46.96	50.97
FlowSAC*:	39.31	75.45	60.76	64.95	61.33	60.55	59.99	53.85	55.31	51.96
0072 : ambush_5/frame_0046.png
 Matches:	14.31	15.27	16.00	16.43	16.68	16.95	17.25	17.54	18.14	18.55
 Outlier:	17.85	21.50	23.79	25.36	26.35	27.41	28.55	29.70	31.93	33.25
EpicFlow:	15.07	14.43	16.28	18.26	15.12	16.63	14.65	15.42	15.89	15.59
 RicFlow:	17.00	11.68	11.02	17.37	21.35	25.24	26.42	27.07	27.10	26.94
 FlowSAC:	14.26	13.73	11.90	11.68	13.51	12.24	13.41	13.93	13.88	14.09
FlowSAC*:	16.82	13.60	11.53	12.31	13.51	13.88	13.40	14.55	13.55	14.53
0073 : ambush_5/frame_0047.png
 Matches:	11.22	12.17	12.94	13.59	14.28	14.84	15.38	15.79	16.41	17.06
 Outlier:	24.41	28.81	32.15	34.96	37.72	39.76	41.68	42.93	44.88	46.87
EpicFlow:	27.69	29.49	21.42	23.24	34.40	33.13	32.87	33.78	34.98	33.73
 RicFlow:	32.46	32.21	31.53	36.54	41.24	46.30	45.85	46.74	42.67	40.50
 FlowSAC:	19.16	25.52	18.79	22.40	27.92	29.28	28.49	29.91	25.50	21.55
FlowSAC*:	23.04	25.45	17.97	22.56	27.53	28.98	28.06	31.20	25.75	25.73
0074 : ambush_5/frame_0048.png
 Matches:	9.31	10.99	12.13	12.66	13.20	13.82	14.28	14.76	15.49	16.14
 Outlier:	48.27	54.16	57.28	58.62	59.82	61.18	62.11	63.15	64.62	65.93
EpicFlow:	60.83	59.99	62.00	59.95	60.08	60.51	60.05	52.75	53.96	55.01
 RicFlow:	45.18	50.46	55.11	51.83	49.16	51.22	50.51	49.32	48.06	48.90
 FlowSAC:	57.84	58.45	53.80	47.04	60.27	55.69	47.20	50.71	56.26	51.99
FlowSAC*:	57.84	49.80	45.57	55.90	63.23	49.10	46.76	45.53	47.03	51.74
0075 : ambush_5/frame_0049.png
 Matches:	9.82	11.04	11.90	12.53	13.07	13.62	14.11	14.50	15.17	15.94
 Outlier:	37.02	41.18	44.01	46.13	47.74	49.36	50.75	51.75	53.33	55.25
EpicFlow:	35.07	42.20	31.08	28.89	30.51	32.18	28.98	44.45	44.17	39.03
 RicFlow:	47.34	34.29	34.74	34.34	34.80	42.73	43.54	44.17	45.34	50.32
 FlowSAC:	24.69	27.54	31.15	25.79	28.07	26.99	26.68	28.52	29.13	26.84
FlowSAC*:	24.65	29.25	31.53	27.63	62.00	28.33	27.47	27.13	28.21	41.61
0076 : ambush_6/frame_0001.png
 Matches:	16.15	17.26	18.07	18.58	19.10	19.61	20.10	20.44	20.90	21.36
 Outlier:	15.02	18.10	20.43	21.88	23.26	24.64	25.72	26.53	27.83	29.01
EpicFlow:	5.23	5.42	6.20	6.41	6.60	6.60	6.50	6.35	6.83	6.81
 RicFlow:	6.90	7.20	9.62	8.88	9.61	9.95	10.04	10.25	10.34	10.34
 FlowSAC:	6.09	5.62	6.04	5.01	5.26	4.55	4.34	4.26	4.50	6.43
FlowSAC*:	4.41	4.51	4.56	4.45	4.48	4.23	3.81	4.18	4.29	4.47
0077 : ambush_6/frame_0002.png
 Matches:	14.65	15.82	16.59	17.13	17.71	18.35	18.82	19.28	20.12	20.56
 Outlier:	16.10	19.38	21.64	23.40	25.29	27.17	28.34	29.46	31.78	33.02
EpicFlow:	9.67	9.61	9.62	9.34	8.61	8.33	9.17	10.82	9.22	13.56
 RicFlow:	9.47	10.85	12.80	13.44	14.15	14.20	15.05	15.25	15.88	15.65
 FlowSAC:	12.99	11.97	8.57	10.40	12.06	11.69	7.08	12.61	11.82	11.15
FlowSAC*:	10.63	11.60	6.56	10.43	12.11	11.16	10.25	13.07	10.53	6.70
0078 : ambush_6/frame_0003.png
 Matches:	13.21	14.28	14.98	15.47	15.98	16.50	16.97	17.37	18.08	18.75
 Outlier:	18.84	22.11	24.46	26.13	27.84	29.34	30.83	31.87	34.09	36.07
EpicFlow:	15.96	17.46	18.12	18.25	18.42	18.42	17.89	17.86	17.91	18.03
 RicFlow:	15.01	17.76	19.46	19.84	19.74	19.47	19.65	19.37	19.57	19.79
 FlowSAC:	8.95	11.85	13.17	11.47	5.19	13.42	16.86	7.56	6.29	5.58
FlowSAC*:	6.77	12.27	12.14	11.32	5.48	13.43	15.71	7.56	5.82	5.43
0079 : ambush_6/frame_0004.png
 Matches:	12.42	13.72	14.67	15.35	15.87	16.48	16.93	17.31	18.07	18.70
 Outlier:	21.36	25.49	28.74	30.64	32.22	33.71	34.97	36.09	38.54	40.30
EpicFlow:	7.09	7.61	8.65	10.12	10.54	11.55	11.95	11.58	11.54	12.64
 RicFlow:	6.04	6.94	9.31	10.24	10.89	10.97	12.46	11.27	12.08	14.29
 FlowSAC:	5.10	4.77	4.82	4.72	4.67	5.60	5.10	4.13	5.64	4.57
FlowSAC*:	5.11	4.28	4.54	3.53	5.25	6.79	5.72	5.14	3.83	4.75
0080 : ambush_6/frame_0005.png
 Matches:	11.12	12.31	13.38	14.23	15.00	15.77	16.45	17.11	17.86	18.80
 Outlier:	25.67	30.37	34.34	37.43	39.95	42.01	43.87	45.50	47.48	49.68
EpicFlow:	5.74	7.12	7.26	7.80	8.06	8.60	8.64	8.30	8.32	8.37
 RicFlow:	10.87	12.41	13.34	14.93	16.59	16.81	18.28	19.51	19.69	21.11
 FlowSAC:	11.59	5.22	4.84	9.79	9.04	6.26	10.26	8.63	10.84	10.41
FlowSAC*:	5.24	5.22	4.58	5.25	8.37	6.47	10.14	5.01	6.02	6.39
0081 : ambush_6/frame_0006.png
 Matches:	11.81	13.08	14.15	14.78	15.53	16.44	17.02	17.58	18.46	19.07
 Outlier:	29.47	33.78	37.39	39.38	41.32	43.81	45.29	46.57	48.12	49.47
EpicFlow:	5.35	5.60	6.62	6.58	6.74	6.39	6.53	6.76	6.67	7.12
 RicFlow:	9.53	10.88	11.23	11.55	11.93	12.69	12.94	13.91	14.72	14.87
 FlowSAC:	6.28	7.71	6.72	7.30	7.14	6.89	8.13	7.01	5.97	6.88
FlowSAC*:	6.83	8.03	7.89	9.12	5.90	6.56	7.19	6.11	5.86	7.18
0082 : ambush_6/frame_0007.png
 Matches:	13.98	15.43	16.50	17.13	17.72	18.34	18.82	19.20	19.97	20.56
 Outlier:	31.24	35.67	38.78	40.35	41.71	42.99	43.88	44.38	45.87	47.09
EpicFlow:	11.86	13.00	14.32	14.31	13.61	13.62	13.67	13.73	13.88	14.13
 RicFlow:	7.25	7.20	8.32	8.45	8.55	8.46	8.43	8.64	8.76	9.09
 FlowSAC:	5.37	5.45	5.51	5.68	5.57	5.71	5.21	5.60	5.01	5.27
FlowSAC*:	5.22	5.42	6.07	5.74	5.80	5.68	5.34	5.49	5.66	5.24
0083 : ambush_6/frame_0008.png
 Matches:	14.61	16.11	17.34	18.12	18.91	19.54	20.06	20.51	21.27	21.94
 Outlier:	29.72	33.10	35.82	37.57	39.27	40.28	41.27	42.09	43.40	44.72
EpicFlow:	8.39	8.23	8.08	8.11	7.94	8.00	8.22	8.28	8.17	8.25
 RicFlow:	5.94	6.12	6.48	7.06	7.30	7.26	7.09	7.18	7.31	7.36
 FlowSAC:	5.53	5.19	5.46	5.28	5.27	5.29	5.35	5.61	4.93	5.64
FlowSAC*:	5.28	5.20	5.47	5.25	5.27	5.19	5.26	5.53	4.96	5.45
0084 : ambush_6/frame_0009.png
 Matches:	13.26	14.85	16.06	16.78	17.66	18.37	18.85	19.26	19.92	20.63
 Outlier:	27.69	30.98	33.61	35.34	37.19	38.74	39.77	40.64	42.12	43.67
EpicFlow:	9.69	10.31	10.47	10.40	10.24	9.99	10.26	10.20	10.32	10.23
 RicFlow:	7.23	7.62	7.55	7.14	7.86	8.26	8.59	8.55	8.64	8.71
 FlowSAC:	5.64	4.92	5.89	5.08	5.17	5.63	5.02	5.28	5.66	5.66
FlowSAC*:	5.79	4.77	5.45	5.13	4.85	4.90	4.80	5.14	5.16	5.11
0085 : ambush_6/frame_0010.png
 Matches:	10.75	12.32	13.61	14.46	15.29	16.15	16.83	17.35	18.18	19.06
 Outlier:	34.02	38.80	42.76	44.95	46.92	48.46	49.82	50.73	52.25	53.87
EpicFlow:	11.83	10.65	8.34	8.58	8.53	8.73	8.91	8.94	9.07	9.25
 RicFlow:	11.41	11.17	11.19	12.32	12.76	12.87	13.27	13.62	13.89	14.63
 FlowSAC:	10.48	8.56	8.68	9.27	8.06	8.12	8.66	8.68	8.25	8.92
FlowSAC*:	10.53	9.75	8.64	7.73	8.42	8.38	9.52	8.79	8.69	7.88
0086 : ambush_6/frame_0011.png
 Matches:	10.72	12.28	13.53	14.28	15.18	15.89	16.44	17.01	18.19	19.17
 Outlier:	39.10	43.56	47.03	49.04	51.10	52.58	53.56	54.85	57.25	58.82
EpicFlow:	10.16	10.32	11.24	11.79	12.68	13.38	13.75	13.92	14.81	15.27
 RicFlow:	11.22	11.45	11.56	14.24	15.29	20.37	17.51	20.22	19.91	19.85
 FlowSAC:	9.73	10.08	10.44	10.52	8.98	9.28	10.12	9.72	11.32	9.00
FlowSAC*:	9.53	9.75	9.88	8.94	9.16	9.29	10.53	9.62	11.49	9.25
0087 : ambush_6/frame_0012.png
 Matches:	10.83	12.24	13.47	14.18	14.85	15.56	16.19	16.86	17.83	18.78
 Outlier:	26.98	31.28	35.39	37.75	39.48	41.52	43.30	45.08	47.37	49.54
EpicFlow:	8.87	10.43	11.15	10.98	10.98	11.01	11.15	11.70	13.92	13.12
 RicFlow:	11.97	12.94	15.62	16.26	16.87	18.77	19.17	21.07	21.75	22.95
 FlowSAC:	10.84	9.07	8.38	10.41	10.39	8.52	9.65	11.33	9.63	10.27
FlowSAC*:	9.42	9.07	8.41	9.46	10.47	9.04	10.27	10.05	8.16	9.03
0088 : ambush_6/frame_0013.png
 Matches:	11.13	12.53	13.56	14.26	15.04	15.67	16.22	16.69	17.47	18.20
 Outlier:	25.37	30.20	33.93	36.33	38.58	40.35	41.81	43.04	45.08	46.96
EpicFlow:	9.10	9.25	9.32	9.50	8.75	14.76	14.95	14.18	15.62	16.07
 RicFlow:	8.79	9.91	10.11	9.53	9.67	9.89	9.90	11.21	14.19	15.43
 FlowSAC:	8.46	7.32	8.18	8.18	8.41	8.78	7.95	7.55	7.97	8.39
FlowSAC*:	8.47	7.16	8.34	8.09	8.11	7.90	7.97	8.85	7.99	7.69
0089 : ambush_6/frame_0014.png
 Matches:	7.37	8.39	9.22	9.80	10.38	10.90	11.37	11.93	13.00	13.99
 Outlier:	21.54	27.40	32.21	35.33	37.89	40.24	42.53	44.92	48.77	52.17
EpicFlow:	16.25	21.06	23.60	27.44	27.19	27.73	28.07	26.85	26.59	28.74
 RicFlow:	17.62	18.61	26.11	28.59	33.03	42.93	43.29	47.25	45.96	48.15
 FlowSAC:	15.55	16.95	27.80	35.08	23.77	39.72	34.27	30.68	29.68	31.60
FlowSAC*:	16.91	17.67	26.60	32.97	23.81	36.58	35.14	30.36	29.68	29.49
0090 : ambush_6/frame_0015.png
 Matches:	8.61	9.43	10.09	10.56	11.06	11.59	12.10	12.53	13.26	14.04
 Outlier:	17.26	22.20	26.22	28.91	31.72	34.47	37.01	38.84	41.85	44.67
EpicFlow:	105.28	95.40	104.50	100.71	98.18	96.19	92.92	103.37	80.28	84.59
 RicFlow:	117.37	86.99	101.50	98.73	86.87	80.98	91.86	87.07	84.64	84.26
 FlowSAC:	114.63	79.35	83.39	75.90	75.01	71.65	67.33	80.61	90.68	66.92
FlowSAC*:	113.65	79.44	83.40	80.97	75.00	71.80	66.37	80.42	90.09	74.86
0091 : ambush_6/frame_0016.png
 Matches:	12.21	12.85	13.37	13.82	14.19	14.60	15.01	15.48	16.34	16.93
 Outlier:	11.12	14.42	17.19	19.48	21.28	23.13	25.11	27.22	30.85	33.12
EpicFlow:	23.24	25.05	23.74	27.98	28.03	29.11	30.76	31.26	26.03	29.28
 RicFlow:	33.52	34.01	33.00	34.75	36.83	40.15	40.05	40.19	42.89	45.33
 FlowSAC:	25.66	21.29	28.76	22.00	21.33	25.56	19.80	22.57	16.13	41.67
FlowSAC*:	25.31	27.00	28.81	21.50	21.61	23.73	19.72	22.62	19.82	22.37
0092 : ambush_6/frame_0017.png
 Matches:	15.21	15.87	16.52	16.96	17.30	17.62	17.86	18.15	18.77	19.29
 Outlier:	6.17	8.73	11.62	13.28	14.63	15.81	16.72	17.75	20.19	22.08
EpicFlow:	23.72	14.14	16.74	17.22	16.78	19.06	20.30	16.94	20.62	20.96
 RicFlow:	28.38	33.52	30.20	26.02	25.94	32.58	32.75	32.25	32.86	33.17
 FlowSAC:	16.46	19.47	11.57	11.52	17.92	11.58	11.87	11.08	17.42	16.45
FlowSAC*:	18.20	19.16	19.69	17.57	17.82	11.20	11.86	11.66	17.46	16.19
0093 : ambush_6/frame_0018.png
 Matches:	15.90	16.65	17.18	17.42	17.68	18.00	18.21	18.40	18.86	19.58
 Outlier:	7.83	10.04	11.75	12.64	13.63	14.83	15.66	16.35	18.07	20.79
EpicFlow:	7.62	8.01	11.58	16.56	12.71	16.62	17.11	16.10	14.11	10.71
 RicFlow:	18.14	18.85	24.67	24.60	24.75	23.64	22.59	22.69	22.61	22.89
 FlowSAC:	15.54	17.89	18.44	17.02	15.78	17.89	12.76	19.01	18.61	25.45
FlowSAC*:	21.50	17.89	17.31	31.96	17.29	30.41	30.48	30.33	29.97	16.89
0094 : ambush_6/frame_0019.png
 Matches:	16.42	17.11	17.63	17.90	18.18	18.48	18.73	19.02	19.47	19.97
 Outlier:	5.51	7.52	9.22	10.06	11.11	12.29	13.14	14.24	15.80	17.40
EpicFlow:	5.92	6.44	5.91	5.99	10.02	9.83	9.05	9.87	10.73	6.97
 RicFlow:	8.05	7.31	6.97	7.36	8.64	9.53	9.42	10.40	10.23	9.94
 FlowSAC:	5.94	6.96	6.71	7.34	8.05	7.77	8.36	6.98	7.95	7.53
FlowSAC*:	6.68	7.12	7.69	8.47	7.82	7.99	9.08	8.22	9.22	7.81
0095 : ambush_7/frame_0041.png
 Matches:	23.24	23.53	23.66	23.73	23.78	23.82	23.88	23.99	24.09	24.38
 Outlier:	5.12	6.07	6.47	6.63	6.78	6.93	7.15	7.57	7.92	8.94
EpicFlow:	2.64	2.66	2.68	2.60	2.60	2.60	2.92	3.11	3.18	4.36
 RicFlow:	2.42	2.48	2.66	2.80	2.80	2.80	2.82	2.83	2.87	3.30
 FlowSAC:	3.29	3.32	3.20	3.43	3.38	3.47	3.51	3.49	3.59	3.79
FlowSAC*:	3.28	3.32	1.68	3.43	3.39	3.47	3.52	3.52	3.59	3.61
0096 : ambush_7/frame_0042.png
 Matches:	23.29	23.61	23.73	23.82	23.89	24.07	24.19	24.30	24.45	24.50
 Outlier:	4.41	5.17	5.52	5.79	6.00	6.69	7.14	7.53	8.04	8.22
EpicFlow:	3.07	3.06	3.08	3.10	3.10	3.26	3.31	3.39	3.48	3.70
 RicFlow:	3.01	3.12	3.16	3.16	3.14	3.16	3.18	3.20	3.22	3.26
 FlowSAC:	3.05	2.93	2.93	2.94	2.97	2.92	3.03	2.97	2.95	2.97
FlowSAC*:	3.06	3.01	3.04	3.02	3.03	3.07	3.03	3.04	2.99	2.95
0097 : bamboo_2/frame_0046.png
 Matches:	23.89	24.18	24.41	24.52	24.65	24.76	24.87	24.97	25.20	25.33
 Outlier:	3.83	4.34	4.83	5.02	5.25	5.48	5.81	5.92	6.56	6.89
EpicFlow:	2.97	3.14	3.40	3.34	3.29	3.36	3.30	3.24	3.36	3.33
 RicFlow:	3.58	3.59	3.49	3.66	3.46	3.42	3.48	3.55	3.72	3.87
 FlowSAC:	3.37	3.19	3.25	2.98	3.05	3.21	3.16	3.12	3.18	3.39
FlowSAC*:	3.32	3.18	3.17	3.01	2.98	3.17	3.09	3.12	3.17	3.29
0098 : bamboo_2/frame_0047.png
 Matches:	23.38	23.69	23.92	24.06	24.20	24.31	24.39	24.47	24.78	25.05
 Outlier:	2.49	2.98	3.43	3.72	3.94	4.19	4.35	4.50	5.12	5.84
EpicFlow:	3.78	3.67	3.72	3.74	3.71	3.76	3.79	3.79	3.98	4.12
 RicFlow:	4.60	4.58	4.85	5.26	5.50	5.08	5.17	5.28	5.30	5.52
 FlowSAC:	3.74	3.61	3.68	3.54	3.61	3.60	3.64	3.63	3.65	4.22
FlowSAC*:	3.74	3.61	3.63	3.55	3.60	3.62	3.63	3.63	3.65	3.54
0099 : cave_2/frame_0015.png
 Matches:	20.25	21.02	21.58	21.89	22.16	22.44	22.68	22.89	23.32	23.77
 Outlier:	6.56	8.11	9.29	10.00	10.61	11.36	12.01	12.50	13.80	15.07
EpicFlow:	4.31	4.33	4.37	4.24	4.46	4.44	4.53	4.64	4.64	4.79
 RicFlow:	4.80	4.87	4.83	4.77	4.87	4.84	5.02	5.01	5.02	5.49
 FlowSAC:	4.62	4.38	4.48	4.51	4.99	5.16	4.84	4.61	5.06	5.42
FlowSAC*:	4.24	4.53	4.50	4.23	4.30	4.79	4.28	4.26	4.37	4.30
0100 : cave_2/frame_0018.png
 Matches:	20.18	20.85	21.32	21.58	21.82	22.07	22.30	22.55	22.99	23.29
 Outlier:	6.47	7.70	8.58	9.13	9.63	10.23	10.82	11.53	12.84	13.76
EpicFlow:	4.40	4.41	4.47	4.48	4.37	4.38	4.38	4.41	4.71	4.85
 RicFlow:	4.51	4.51	4.52	4.51	4.53	4.55	4.51	4.49	5.01	5.02
 FlowSAC:	4.38	4.48	4.78	4.80	4.57	4.52	4.27	4.34	4.33	4.48
FlowSAC*:	4.48	4.51	4.56	4.54	4.30	4.26	4.22	4.28	4.26	4.27
0101 : cave_2/frame_0019.png
 Matches:	19.43	20.05	20.47	20.76	21.01	21.27	21.48	21.68	22.01	22.40
 Outlier:	6.25	7.48	8.50	9.13	9.77	10.45	11.02	11.64	12.62	13.81
EpicFlow:	4.05	4.08	4.17	4.17	4.12	4.33	4.32	4.46	4.47	5.23
 RicFlow:	4.75	4.58	4.51	4.56	4.56	4.55	4.63	4.63	4.65	4.75
 FlowSAC:	4.05	4.09	4.15	3.98	4.45	4.32	4.51	4.35	4.22	5.54
FlowSAC*:	4.06	4.06	4.18	4.14	4.37	4.51	4.74	4.10	4.11	4.61
0102 : cave_2/frame_0020.png
 Matches:	19.58	20.33	20.76	21.07	21.37	21.64	21.86	22.02	22.31	22.78
 Outlier:	7.83	9.24	10.15	10.82	11.56	12.06	12.61	13.04	13.82	15.01
EpicFlow:	5.60	5.55	5.60	5.62	5.98	5.97	6.14	6.16	6.11	6.37
 RicFlow:	5.50	5.51	5.47	5.32	5.24	5.22	5.64	5.61	5.80	6.13
 FlowSAC:	5.48	5.57	5.57	6.15	6.16	6.09	6.05	6.06	6.49	6.28
FlowSAC*:	5.81	5.69	5.85	6.43	6.37	5.63	5.84	5.95	5.96	5.39
0103 : cave_2/frame_0021.png
 Matches:	19.02	19.66	20.24	20.54	20.88	21.12	21.34	21.52	21.89	22.28
 Outlier:	5.95	7.59	9.19	10.02	10.96	11.70	12.36	12.83	14.01	15.26
EpicFlow:	7.29	7.24	8.44	9.72	16.09	16.78	19.39	21.38	21.77	22.06
 RicFlow:	8.30	8.01	10.12	10.26	10.53	11.74	13.83	14.40	15.18	15.85
 FlowSAC:	20.53	20.20	7.74	20.26	20.50	15.82	23.70	22.41	22.06	23.68
FlowSAC*:	20.53	20.26	7.83	20.06	20.50	15.40	23.69	22.07	15.76	23.62
0104 : cave_2/frame_0022.png
 Matches:	17.30	18.06	18.65	19.00	19.36	19.67	19.89	20.05	20.49	20.96
 Outlier:	7.26	9.22	10.95	12.00	13.28	14.19	14.82	15.33	16.73	18.36
EpicFlow:	10.61	10.89	10.46	12.97	12.83	12.61	12.44	12.53	12.21	12.58
 RicFlow:	10.59	11.43	11.18	11.39	10.96	10.99	10.98	10.94	10.91	12.51
 FlowSAC:	11.03	11.37	10.46	9.82	9.38	9.97	9.10	10.21	9.80	9.73
FlowSAC*:	11.60	10.54	9.84	9.19	9.69	9.77	10.54	9.60	9.12	9.83
0105 : cave_2/frame_0023.png
 Matches:	13.89	14.65	15.32	15.72	16.15	16.55	16.93	17.21	17.65	18.17
 Outlier:	7.84	9.91	12.33	13.80	15.42	16.97	18.44	19.36	20.92	22.85
EpicFlow:	51.89	44.36	47.50	47.65	51.21	44.07	44.88	46.03	46.93	47.45
 RicFlow:	25.25	36.36	41.02	41.71	42.05	44.42	45.11	44.05	43.95	39.96
 FlowSAC:	29.85	35.52	34.96	30.34	40.89	45.42	44.57	45.44	41.79	41.96
FlowSAC*:	30.07	38.00	34.94	30.20	41.07	44.04	44.61	45.75	37.47	41.95
0106 : cave_2/frame_0024.png
 Matches:	13.60	14.37	14.98	15.45	15.88	16.35	16.76	17.01	17.48	17.99
 Outlier:	10.95	13.78	16.27	18.05	19.60	21.47	23.11	24.11	25.89	27.69
EpicFlow:	52.61	50.75	40.69	37.80	40.70	27.78	30.13	30.60	29.21	29.77
 RicFlow:	21.16	21.92	22.53	24.12	23.92	29.97	34.82	36.41	34.55	33.58
 FlowSAC:	39.61	30.88	33.37	30.48	29.26	31.29	29.10	39.07	36.54	32.71
FlowSAC*:	31.13	28.51	32.97	33.27	30.88	31.20	32.96	39.59	36.30	31.80
0107 : cave_2/frame_0025.png
 Matches:	14.56	15.18	15.67	15.95	16.23	16.50	16.80	17.02	17.49	17.86
 Outlier:	5.49	7.35	9.12	10.21	11.36	12.50	13.80	14.75	16.67	18.10
EpicFlow:	44.78	48.88	47.83	48.22	47.17	47.58	49.75	47.72	46.59	45.52
 RicFlow:	44.67	46.50	47.71	49.38	49.41	53.16	52.23	50.27	46.73	47.38
 FlowSAC:	50.08	46.58	46.26	41.11	46.55	45.02	47.71	41.96	45.16	41.16
FlowSAC*:	50.40	46.51	48.66	40.84	44.58	45.50	43.31	41.82	49.89	42.35
0108 : cave_2/frame_0026.png
 Matches:	17.40	18.03	18.46	18.73	18.97	19.19	19.38	19.55	19.82	20.17
 Outlier:	7.03	8.57	9.65	10.32	10.83	11.40	11.98	12.50	13.44	14.75
EpicFlow:	18.43	18.15	17.99	18.07	18.08	18.23	16.53	17.81	19.05	19.61
 RicFlow:	18.10	18.11	18.28	16.94	16.99	17.11	17.79	18.85	17.31	14.53
 FlowSAC:	20.82	20.52	19.14	17.58	21.69	17.88	19.97	16.89	19.22	18.31
FlowSAC*:	20.85	17.65	18.94	20.07	21.75	18.02	19.86	17.97	17.37	18.59
0109 : cave_2/frame_0027.png
 Matches:	18.26	18.95	19.42	19.69	19.92	20.11	20.33	20.48	20.73	20.94
 Outlier:	6.80	8.35	9.33	9.96	10.49	11.00	11.65	12.13	12.89	13.53
EpicFlow:	7.79	7.79	7.70	7.90	7.96	8.70	8.52	8.01	8.38	8.43
 RicFlow:	7.83	7.86	7.91	7.89	7.94	7.93	8.32	8.58	8.67	9.34
 FlowSAC:	7.73	7.55	7.59	7.57	7.56	7.75	7.42	7.23	8.00	7.89
FlowSAC*:	7.72	7.51	7.44	7.54	7.47	7.75	7.45	7.32	7.81	8.24
0110 : cave_2/frame_0028.png
 Matches:	17.98	18.67	19.09	19.36	19.68	19.91	20.10	20.33	20.68	20.95
 Outlier:	7.88	9.63	10.70	11.31	12.09	12.72	13.31	14.01	15.19	16.08
EpicFlow:	6.62	6.55	6.53	6.52	6.59	6.52	7.33	7.40	7.73	7.45
 RicFlow:	7.23	7.16	6.99	6.95	7.06	7.33	7.33	7.10	6.84	7.00
 FlowSAC:	7.51	7.35	7.38	7.35	7.17	7.24	7.45	7.55	7.39	6.97
FlowSAC*:	7.10	7.37	7.38	7.20	7.26	7.24	7.20	7.16	6.91	6.84
0111 : cave_2/frame_0029.png
 Matches:	18.08	18.81	19.30	19.56	19.78	19.98	20.22	20.40	20.73	20.93
 Outlier:	6.91	8.83	10.34	11.09	11.71	12.26	13.04	13.66	14.81	15.47
EpicFlow:	12.08	12.37	12.37	13.70	14.28	14.44	14.67	14.69	13.34	13.57
 RicFlow:	12.90	13.16	13.34	13.57	13.69	14.46	14.57	14.57	14.71	14.57
 FlowSAC:	11.84	12.22	13.95	13.67	13.85	13.82	14.31	14.41	14.41	14.59
FlowSAC*:	12.08	12.23	13.93	13.38	14.92	14.10	13.78	14.10	14.77	13.93
0112 : cave_2/frame_0030.png
 Matches:	17.53	18.10	18.48	18.73	18.92	19.12	19.31	19.46	19.72	20.08
 Outlier:	5.53	7.26	8.43	9.32	9.89	10.59	11.20	11.70	12.56	13.85
EpicFlow:	28.35	21.70	22.26	21.53	21.76	20.84	21.29	21.91	21.28	22.36
 RicFlow:	21.97	21.88	22.98	23.58	22.61	22.00	22.23	22.68	22.45	22.23
 FlowSAC:	22.70	23.63	20.22	20.10	20.01	19.77	20.84	19.77	19.82	22.65
FlowSAC*:	22.76	23.93	23.36	20.12	19.86	19.87	20.88	19.91	20.57	22.60
0113 : cave_2/frame_0031.png
 Matches:	15.82	16.49	16.95	17.22	17.53	17.83	18.07	18.30	18.62	18.90
 Outlier:	6.95	9.32	10.92	11.80	13.02	14.15	15.14	16.06	17.23	18.30
EpicFlow:	14.57	14.88	14.65	16.28	16.24	16.53	17.58	19.93	13.98	16.31
 RicFlow:	15.62	21.22	24.59	25.08	25.68	25.72	23.35	22.87	22.53	22.90
 FlowSAC:	14.55	16.28	22.55	24.04	24.29	22.73	23.39	23.68	24.73	23.04
FlowSAC*:	13.50	16.09	19.18	23.95	23.42	21.94	23.42	23.70	23.93	24.25
0114 : cave_2/frame_0032.png
 Matches:	11.86	12.73	13.31	13.70	14.07	14.45	14.74	14.98	15.55	16.03
 Outlier:	13.56	17.01	19.53	20.97	22.32	23.82	25.04	26.12	28.30	30.31
EpicFlow:	22.32	24.65	38.37	40.08	38.85	38.39	33.27	33.41	33.61	36.29
 RicFlow:	16.86	16.81	17.92	23.05	22.54	24.20	24.75	26.01	37.09	38.09
 FlowSAC:	20.98	23.52	26.05	25.18	24.22	25.90	23.49	25.50	24.57	24.52
FlowSAC*:	19.72	21.61	23.72	22.61	22.83	24.20	22.58	24.39	21.89	22.79
0115 : cave_2/frame_0033.png
 Matches:	12.24	13.22	13.90	14.36	14.73	15.15	15.50	15.81	16.37	16.92
 Outlier:	19.38	22.74	25.41	27.18	28.42	29.95	31.20	32.25	34.25	36.17
EpicFlow:	16.42	16.80	15.65	19.97	21.02	30.61	35.62	35.36	34.88	35.02
 RicFlow:	21.40	23.36	20.49	29.65	30.84	23.95	27.34	29.45	35.55	36.49
 FlowSAC:	17.23	17.33	18.00	17.15	16.84	17.37	26.75	20.08	27.27	22.28
FlowSAC*:	17.22	16.41	16.61	17.20	18.64	16.30	24.43	19.43	25.16	21.70
0116 : cave_2/frame_0034.png
 Matches:	14.60	15.61	16.24	16.62	16.98	17.30	17.67	18.03	18.52	19.11
 Outlier:	17.12	19.80	21.61	22.73	23.67	24.64	25.86	27.09	28.56	30.44
EpicFlow:	7.38	7.05	7.28	7.15	7.19	6.93	6.94	8.87	7.20	7.43
 RicFlow:	7.83	8.37	8.61	8.82	9.08	9.01	9.01	8.84	8.76	8.93
 FlowSAC:	9.03	7.61	7.92	7.28	7.72	7.37	7.48	7.90	7.10	8.28
FlowSAC*:	7.58	7.22	7.88	7.53	7.89	7.41	7.02	7.97	7.47	7.73
0117 : cave_2/frame_0035.png
 Matches:	16.49	17.68	18.47	18.95	19.48	19.87	20.15	20.44	20.93	21.58
 Outlier:	24.97	27.87	29.95	31.17	32.32	33.28	33.89	34.62	35.81	37.52
EpicFlow:	6.35	6.40	6.43	6.46	6.43	6.53	6.75	6.55	6.86	8.36
 RicFlow:	6.58	6.56	6.64	6.71	6.54	6.76	6.77	6.69	6.59	7.12
 FlowSAC:	6.26	6.01	6.39	6.08	6.23	6.42	6.85	6.16	6.51	6.30
FlowSAC*:	5.97	6.21	6.25	6.33	6.14	6.48	6.83	6.17	6.35	5.92
0118 : cave_2/frame_0036.png
 Matches:	16.58	17.71	18.40	18.74	19.05	19.37	19.74	20.05	20.68	21.17
 Outlier:	28.59	30.82	32.28	32.98	33.57	34.34	35.22	35.96	37.45	38.63
EpicFlow:	7.58	7.67	7.51	8.09	8.01	7.60	7.63	7.77	8.84	9.02
 RicFlow:	7.81	7.86	7.93	7.86	7.84	7.87	7.92	7.96	7.30	7.31
 FlowSAC:	8.19	7.49	7.96	7.00	7.76	7.30	7.65	7.41	7.14	7.06
FlowSAC*:	7.81	7.46	7.35	7.06	7.69	7.25	7.51	6.91	6.86	7.01
0119 : cave_2/frame_0037.png
 Matches:	17.39	18.30	18.87	19.18	19.53	19.83	20.11	20.34	20.68	21.04
 Outlier:	23.21	24.99	26.28	26.92	27.63	28.34	29.09	29.70	30.50	31.60
EpicFlow:	7.73	7.85	8.69	8.78	9.16	9.05	9.48	9.60	10.12	10.50
 RicFlow:	8.76	8.58	8.69	8.48	8.66	9.46	10.11	9.33	10.20	10.65
 FlowSAC:	7.96	8.63	8.80	8.93	9.17	8.50	9.35	9.76	9.40	9.65
FlowSAC*:	8.00	8.56	8.74	8.16	8.77	8.42	9.12	9.58	9.05	9.21
0120 : cave_2/frame_0038.png
 Matches:	19.02	19.79	20.39	20.73	21.08	21.42	21.66	21.86	22.22	22.65
 Outlier:	21.61	23.39	24.72	25.44	26.18	26.85	27.40	27.90	28.87	30.04
EpicFlow:	5.42	5.60	5.67	5.79	5.85	5.87	5.85	5.80	5.96	6.33
 RicFlow:	5.19	5.16	5.34	5.47	5.50	5.53	5.92	5.95	5.88	5.92
 FlowSAC:	4.72	4.91	4.96	4.92	4.86	5.10	4.87	4.79	5.00	5.08
FlowSAC*:	4.73	5.01	4.91	4.92	5.11	5.13	5.15	4.74	4.94	5.14
0121 : cave_2/frame_0039.png
 Matches:	21.91	22.53	22.92	23.23	23.55	23.76	23.97	24.24	24.48	24.65
 Outlier:	17.72	18.84	19.51	20.08	20.69	21.08	21.58	22.32	23.03	23.50
EpicFlow:	3.01	3.06	3.07	3.06	3.11	3.12	3.13	3.40	3.55	3.62
 RicFlow:	2.73	2.81	2.94	2.90	3.05	3.09	3.07	3.00	3.10	3.12
 FlowSAC:	3.05	2.96	2.91	2.91	3.06	2.90	2.89	2.85	2.95	3.01
FlowSAC*:	2.83	2.91	2.92	2.86	2.97	2.87	2.92	2.96	2.90	2.91
0122 : cave_4/frame_0005.png
 Matches:	23.22	23.65	23.97	24.17	24.38	24.55	24.69	24.77	25.02	25.31
 Outlier:	6.32	7.04	7.72	8.18	8.62	8.98	9.36	9.54	10.36	11.13
EpicFlow:	4.06	4.05	4.06	3.95	3.94	3.90	3.95	3.94	4.34	4.38
 RicFlow:	4.49	4.25	4.57	4.54	4.81	5.04	5.06	4.92	5.64	5.67
 FlowSAC:	4.42	4.40	4.50	4.38	4.88	4.29	4.33	4.60	4.76	4.50
FlowSAC*:	4.35	4.64	4.62	4.68	5.36	4.60	4.62	4.60	4.99	5.00
0123 : cave_4/frame_0006.png
 Matches:	22.87	23.47	23.87	24.11	24.34	24.52	24.61	24.76	25.03	25.24
 Outlier:	6.12	7.38	8.27	8.84	9.43	9.89	10.11	10.57	11.41	11.95
EpicFlow:	3.87	3.82	3.74	3.89	3.75	3.90	3.71	3.96	4.00	4.03
 RicFlow:	4.46	4.38	4.35	4.29	4.32	4.38	4.38	4.34	4.40	4.44
 FlowSAC:	3.85	3.64	3.96	3.81	3.94	3.83	3.82	3.82	3.91	4.24
FlowSAC*:	3.85	3.73	3.95	3.89	3.99	3.89	3.89	3.94	4.01	4.03
0124 : cave_4/frame_0007.png
 Matches:	23.53	24.09	24.46	24.66	24.86	25.07	25.28	25.55	25.76	25.93
 Outlier:	8.45	9.66	10.45	10.90	11.29	11.80	12.39	13.21	13.77	14.21
EpicFlow:	3.56	3.49	3.55	3.57	3.53	3.73	3.76	3.93	4.13	4.13
 RicFlow:	4.29	4.18	4.21	4.22	4.21	4.20	4.22	4.21	4.22	4.23
 FlowSAC:	3.57	3.69	3.44	3.45	3.40	3.40	3.45	3.54	3.44	3.51
FlowSAC*:	3.43	3.49	3.49	3.44	3.43	3.49	3.45	3.49	3.44	3.46
0125 : cave_4/frame_0008.png
 Matches:	23.56	24.16	24.49	24.75	24.98	25.10	25.22	25.32	25.52	25.76
 Outlier:	8.64	9.91	10.60	11.18	11.71	11.97	12.24	12.46	13.04	13.60
EpicFlow:	5.58	5.62	5.64	5.58	5.32	5.40	5.36	5.36	5.36	5.28
 RicFlow:	6.08	6.20	5.91	5.73	5.62	5.65	5.70	5.69	5.80	5.88
 FlowSAC:	5.79	5.79	5.71	5.83	5.61	5.70	5.75	5.97	5.59	5.62
FlowSAC*:	5.92	5.85	5.79	5.89	6.03	5.98	5.98	6.16	5.92	5.69
0126 : cave_4/frame_0009.png
 Matches:	23.33	23.89	24.28	24.51	24.74	24.97	25.10	25.19	25.32	25.47
 Outlier:	7.50	8.67	9.43	9.89	10.47	11.08	11.41	11.60	11.88	12.20
EpicFlow:	4.60	4.58	4.64	4.70	4.67	4.75	4.73	4.77	4.78	4.87
 RicFlow:	5.12	5.07	5.07	5.08	5.07	5.06	5.07	5.40	6.09	6.13
 FlowSAC:	4.60	4.74	4.75	4.77	4.79	4.85	4.87	4.86	4.90	4.84
FlowSAC*:	4.67	4.77	4.91	4.85	5.00	4.97	4.98	4.97	4.97	4.85
0127 : cave_4/frame_0010.png
 Matches:	23.03	23.57	23.98	24.21	24.43	24.62	24.81	24.91	25.06	25.26
 Outlier:	6.73	7.77	8.83	9.32	9.84	10.26	10.71	10.96	11.25	11.52
EpicFlow:	6.58	6.57	6.62	6.64	6.64	6.63	6.67	6.66	6.69	6.82
 RicFlow:	6.96	6.95	6.96	6.94	6.94	6.95	6.94	7.02	7.03	7.02
 FlowSAC:	6.72	6.62	6.60	6.60	6.61	6.61	6.57	6.68	6.63	6.66
FlowSAC*:	6.75	6.66	6.62	6.60	6.63	6.63	6.60	6.64	6.66	6.71
0128 : cave_4/frame_0011.png
 Matches:	23.15	23.70	24.12	24.37	24.60	24.90	25.08	25.17	25.33	25.47
 Outlier:	6.41	7.41	8.39	9.01	9.46	10.14	10.66	10.80	11.13	11.42
EpicFlow:	5.03	5.02	5.05	5.05	5.05	5.05	5.06	5.07	5.12	5.12
 RicFlow:	5.48	5.51	5.51	5.50	5.49	5.49	5.50	5.50	5.53	5.53
 FlowSAC:	5.02	5.09	5.02	5.05	5.06	5.08	5.06	5.07	5.04	5.05
FlowSAC*:	5.12	5.10	5.09	5.12	5.07	5.09	5.11	5.09	5.11	5.09
0129 : cave_4/frame_0016.png
 Matches:	22.42	23.08	23.66	23.99	24.33	24.64	24.98	25.15	25.37	25.53
 Outlier:	7.54	8.99	10.37	11.14	12.10	12.95	13.94	14.32	14.81	15.11
EpicFlow:	3.07	3.07	3.06	3.06	3.10	3.13	3.26	3.27	3.32	3.39
 RicFlow:	3.73	3.83	3.65	3.65	3.75	3.78	3.70	3.82	3.78	3.70
 FlowSAC:	3.25	3.21	3.26	3.44	3.82	3.99	3.78	3.35	3.62	4.29
FlowSAC*:	4.12	4.07	4.02	4.10	3.88	4.68	4.87	4.12	3.71	4.15
0130 : cave_4/frame_0042.png
 Matches:	19.41	20.16	20.66	21.01	21.34	21.67	21.93	22.16	22.44	22.67
 Outlier:	7.68	9.52	10.97	11.76	12.73	13.69	14.55	15.24	16.10	16.79
EpicFlow:	6.29	6.07	5.92	5.92	6.52	6.61	6.67	6.69	6.71	6.98
 RicFlow:	7.94	7.20	8.20	8.34	8.30	7.91	7.58	7.67	7.41	7.58
 FlowSAC:	6.07	6.11	6.65	6.54	7.33	7.12	7.42	7.20	7.31	7.52
FlowSAC*:	6.33	6.34	6.28	6.73	7.33	7.29	6.69	7.29	7.63	6.63
0131 : cave_4/frame_0043.png
 Matches:	17.71	18.53	19.13	19.51	19.85	20.17	20.47	20.72	21.15	21.40
 Outlier:	8.30	10.80	12.61	13.75	14.78	15.68	16.66	17.38	18.55	19.30
EpicFlow:	8.93	9.61	8.47	8.38	8.21	8.35	8.50	8.82	8.32	8.27
 RicFlow:	9.39	9.36	8.98	9.00	9.10	9.20	8.94	9.01	8.89	8.78
 FlowSAC:	8.38	8.40	8.78	8.65	8.28	8.51	8.28	8.49	9.28	8.30
FlowSAC*:	8.32	8.70	8.64	9.00	8.53	8.68	8.90	8.84	9.30	8.85
0132 : cave_4/frame_0044.png
 Matches:	17.49	18.26	18.93	19.38	19.78	20.18	20.42	20.68	21.04	21.47
 Outlier:	10.12	12.37	14.43	15.82	16.87	17.82	18.60	19.48	20.68	21.98
EpicFlow:	13.74	13.45	14.39	13.46	12.94	12.32	12.18	12.61	12.54	13.35
 RicFlow:	22.01	17.97	15.09	13.33	13.45	13.64	13.69	13.37	11.87	12.17
 FlowSAC:	15.36	16.32	18.57	15.32	17.26	15.66	20.61	20.26	16.10	16.10
FlowSAC*:	17.85	17.06	18.44	15.95	17.52	15.68	20.64	17.89	15.85	18.90
0133 : cave_4/frame_0045.png
 Matches:	17.97	18.65	19.18	19.53	19.86	20.26	20.53	20.71	21.12	21.50
 Outlier:	10.02	12.03	13.64	14.70	15.61	16.59	17.28	17.86	19.23	20.47
EpicFlow:	15.76	17.05	17.19	18.73	18.69	17.50	16.97	17.02	16.94	17.44
 RicFlow:	19.81	19.70	19.48	18.72	16.98	17.19	17.47	17.98	17.34	17.41
 FlowSAC:	19.43	14.39	15.68	17.24	17.86	18.01	19.28	19.77	18.37	19.98
FlowSAC*:	20.00	20.05	19.44	19.45	19.51	19.33	19.49	18.76	18.59	19.43
0134 : cave_4/frame_0046.png
 Matches:	16.55	17.25	17.74	18.06	18.39	18.75	19.07	19.40	19.90	20.59
 Outlier:	9.64	11.67	13.02	13.92	15.00	16.14	17.17	18.35	19.93	22.14
EpicFlow:	17.38	15.97	15.20	11.91	10.79	11.75	11.66	11.31	13.24	13.82
 RicFlow:	12.57	11.95	10.95	12.85	13.22	13.32	13.17	14.30	16.17	18.40
 FlowSAC:	17.31	17.78	18.19	13.88	22.25	19.72	19.24	16.93	12.22	17.49
FlowSAC*:	17.51	18.21	19.79	17.92	19.22	19.12	18.99	16.35	14.21	18.99
0135 : cave_4/frame_0047.png
 Matches:	15.44	16.20	16.72	17.03	17.46	17.84	18.33	18.69	19.38	19.96
 Outlier:	10.86	12.84	14.28	15.27	16.65	17.96	19.76	21.04	23.31	25.11
EpicFlow:	7.73	8.06	9.60	10.56	11.01	11.10	10.87	11.07	10.97	11.10
 RicFlow:	9.57	9.40	9.23	10.67	11.32	11.40	11.82	11.28	11.63	11.99
 FlowSAC:	11.51	11.23	9.26	10.64	9.07	10.73	11.00	10.74	10.16	10.36
FlowSAC*:	11.89	13.88	10.46	10.21	12.24	13.70	10.33	10.49	10.29	9.64
0136 : cave_4/frame_0048.png
 Matches:	17.39	18.38	19.15	19.55	19.93	20.36	20.74	21.13	21.68	22.32
 Outlier:	11.22	13.96	15.84	16.83	17.97	19.17	20.12	21.27	22.85	24.78
EpicFlow:	11.66	11.20	11.34	11.23	11.21	11.27	11.27	11.73	11.80	11.83
 RicFlow:	7.28	7.16	8.71	9.08	9.68	10.01	10.17	10.44	10.61	11.55
 FlowSAC:	8.05	8.43	8.84	8.78	7.96	7.54	7.81	7.45	7.40	7.67
FlowSAC*:	8.01	8.55	7.49	7.99	8.44	7.35	7.40	7.17	7.05	7.22
0137 : cave_4/frame_0049.png
 Matches:	20.00	20.72	21.20	21.49	21.87	22.30	22.64	22.99	23.44	23.75
 Outlier:	9.59	11.25	12.32	13.00	14.04	15.12	16.09	17.25	18.69	19.50
EpicFlow:	5.59	5.55	5.40	5.51	5.52	5.53	5.49	5.94	6.49	6.63
 RicFlow:	5.69	5.88	5.88	5.87	5.85	5.84	5.95	5.95	5.98	6.16
 FlowSAC:	4.84	4.90	5.10	4.87	5.02	5.21	5.11	4.78	5.87	5.48
FlowSAC*:	5.47	6.01	5.41	5.68	5.55	5.79	5.55	5.52	6.60	5.86
0138 : market_5/frame_0001.png
 Matches:	16.14	17.02	17.64	18.00	18.30	18.61	18.93	19.20	19.74	20.19
 Outlier:	10.67	12.88	14.67	15.76	16.74	17.82	18.99	19.94	21.80	23.31
EpicFlow:	7.65	11.09	11.59	11.81	11.49	9.90	9.58	9.44	9.45	8.79
 RicFlow:	10.06	12.14	12.92	12.35	12.62	12.69	12.84	12.78	13.91	14.36
 FlowSAC:	9.56	10.04	9.79	10.36	9.46	8.72	7.66	7.69	8.53	11.98
FlowSAC*:	9.84	10.05	9.70	10.38	9.31	8.76	7.83	8.01	10.46	12.08
0139 : market_5/frame_0002.png
 Matches:	17.12	18.17	19.03	19.50	19.95	20.29	20.57	20.82	21.36	21.69
 Outlier:	10.86	12.97	15.08	16.37	17.59	18.56	19.38	20.15	21.79	22.73
EpicFlow:	4.52	4.47	4.47	4.65	4.65	4.62	4.70	4.91	5.01	5.73
 RicFlow:	5.86	5.82	5.48	5.37	5.55	5.77	5.48	6.02	6.56	6.90
 FlowSAC:	5.27	4.72	4.54	4.97	5.13	4.49	4.50	4.23	4.64	4.24
FlowSAC*:	5.26	4.72	4.58	4.94	5.13	4.47	4.92	4.26	4.62	4.18
0140 : market_5/frame_0003.png
 Matches:	15.92	16.72	17.31	17.73	18.10	18.41	18.72	18.99	19.47	19.88
 Outlier:	9.38	11.07	12.86	14.08	15.31	16.31	17.35	18.26	19.88	21.27
EpicFlow:	8.60	13.38	17.24	11.05	13.40	15.77	16.78	15.42	18.39	15.54
 RicFlow:	9.77	10.18	9.75	10.94	11.08	13.04	13.64	13.76	16.65	16.68
 FlowSAC:	7.64	8.30	8.12	8.64	9.08	8.21	7.44	8.93	12.64	7.79
FlowSAC*:	9.22	6.98	8.14	9.03	9.37	7.88	7.64	8.37	13.35	8.27
0141 : market_5/frame_0004.png
 Matches:	15.45	16.43	17.21	17.65	18.03	18.43	18.72	19.01	19.42	19.90
 Outlier:	18.12	20.20	22.21	23.25	24.37	25.52	26.37	27.22	28.45	29.92
EpicFlow:	9.40	11.76	10.79	12.34	12.10	13.09	14.80	15.32	14.59	15.16
 RicFlow:	9.21	9.38	10.06	10.78	11.97	12.15	12.13	12.50	12.14	12.95
 FlowSAC:	9.25	9.37	9.59	9.10	9.31	8.98	8.97	9.52	8.87	8.73
FlowSAC*:	8.90	9.40	8.05	8.46	10.20	8.19	9.37	9.48	9.37	8.31
0142 : market_5/frame_0005.png
 Matches:	17.54	18.57	19.14	19.50	19.79	20.09	20.26	20.50	20.96	21.17
 Outlier:	12.00	13.34	14.56	15.53	16.39	17.29	17.81	18.49	20.10	20.82
EpicFlow:	14.02	13.08	12.46	22.16	19.54	21.50	15.35	16.30	21.03	22.48
 RicFlow:	17.33	16.96	17.26	18.87	16.89	20.07	20.27	18.68	17.90	17.72
 FlowSAC:	21.79	15.71	16.67	17.67	17.18	16.05	15.90	15.69	16.03	16.84
FlowSAC*:	21.74	15.64	16.81	17.68	17.42	15.97	16.04	15.48	16.86	16.85
0143 : market_5/frame_0006.png
 Matches:	16.59	17.79	18.54	18.92	19.27	19.71	20.05	20.28	20.67	20.97
 Outlier:	19.87	23.10	25.05	25.98	26.80	28.00	28.83	29.37	30.43	31.23
EpicFlow:	16.60	16.06	16.28	15.91	16.50	20.47	21.48	19.50	21.64	22.06
 RicFlow:	16.23	15.77	15.00	14.35	16.53	17.01	24.24	25.94	27.17	26.67
 FlowSAC:	15.81	15.69	16.16	16.33	15.79	15.57	15.98	16.28	15.97	15.14
FlowSAC*:	16.04	16.03	16.12	15.71	15.57	15.81	15.76	16.46	15.43	15.34
0144 : market_5/frame_0007.png
 Matches:	20.19	21.03	21.53	21.80	22.08	22.35	22.69	22.96	23.37	23.67
 Outlier:	15.94	17.39	18.33	18.93	19.56	20.32	21.31	21.97	23.07	23.93
EpicFlow:	5.84	5.72	5.75	6.01	5.69	5.65	5.71	5.77	5.81	5.80
 RicFlow:	5.26	5.31	5.23	5.62	5.23	5.72	5.91	6.01	6.59	6.79
 FlowSAC:	6.35	6.26	5.99	6.30	7.31	6.19	7.55	7.23	7.74	8.39
FlowSAC*:	6.21	6.07	6.07	6.06	6.03	7.17	7.27	6.19	6.14	7.83
0145 : market_5/frame_0008.png
 Matches:	16.91	17.61	18.23	18.56	18.91	19.20	19.40	19.65	20.05	20.40
 Outlier:	9.06	10.65	12.70	13.84	14.73	15.64	16.25	17.04	18.47	19.76
EpicFlow:	7.72	7.70	7.96	7.84	7.78	7.58	7.03	8.02	9.98	9.92
 RicFlow:	8.08	8.04	8.39	8.30	8.98	9.45	8.92	8.62	12.13	14.68
 FlowSAC:	9.15	7.67	7.65	7.98	7.02	7.69	8.38	8.36	7.47	9.57
FlowSAC*:	9.21	7.79	7.53	8.71	6.88	7.65	9.01	7.66	7.54	8.30
0146 : market_5/frame_0009.png
 Matches:	13.60	14.78	15.54	16.00	16.36	16.67	16.97	17.23	17.91	18.63
 Outlier:	19.28	22.27	24.58	25.96	27.06	28.01	28.97	29.73	32.14	34.55
EpicFlow:	19.49	20.07	19.62	19.87	21.17	21.10	20.92	21.49	21.84	23.35
 RicFlow:	22.56	21.15	20.69	19.62	19.96	19.98	20.19	20.73	22.60	24.25
 FlowSAC:	23.84	23.27	23.43	23.64	23.56	22.96	23.49	23.82	23.33	24.94
FlowSAC*:	23.01	23.32	24.68	23.53	23.56	22.86	23.30	23.10	23.18	23.77
0147 : market_5/frame_0010.png
 Matches:	13.89	15.17	15.92	16.30	16.63	16.94	17.32	17.78	18.34	18.80
 Outlier:	24.69	27.16	29.00	30.02	31.05	32.01	33.24	34.73	36.39	37.70
EpicFlow:	12.20	12.53	12.29	12.21	13.29	13.21	13.43	13.80	15.61	15.86
 RicFlow:	14.08	13.90	13.69	12.84	14.38	14.53	13.97	14.19	14.05	15.19
 FlowSAC:	14.30	14.14	13.72	14.80	13.70	12.58	20.54	14.88	13.09	14.07
FlowSAC*:	16.84	14.60	12.67	14.64	14.46	13.70	14.56	15.85	14.89	15.74
0148 : market_5/frame_0011.png
 Matches:	11.60	12.72	13.53	13.98	14.41	14.82	15.13	15.42	16.05	16.55
 Outlier:	24.10	27.67	30.41	31.83	33.16	34.46	35.54	36.57	38.69	40.24
EpicFlow:	19.32	19.50	19.98	20.23	20.48	20.69	21.98	23.60	23.68	23.56
 RicFlow:	18.48	18.18	18.74	17.11	18.82	19.87	22.77	23.85	23.80	26.50
 FlowSAC:	17.32	18.25	17.00	17.07	17.26	18.69	20.76	21.30	19.54	24.10
FlowSAC*:	17.46	17.62	16.52	17.07	17.30	15.51	16.67	17.44	19.25	20.49
0149 : market_5/frame_0012.png
 Matches:	11.88	12.97	13.84	14.33	14.81	15.35	15.82	16.18	16.79	17.29
 Outlier:	20.75	24.25	26.78	28.34	30.03	31.88	33.42	34.54	36.33	37.94
EpicFlow:	30.58	23.69	21.59	27.59	26.63	26.54	25.47	26.97	26.30	26.96
 RicFlow:	25.93	24.53	20.38	20.84	22.32	22.86	23.44	24.65	25.77	29.39
 FlowSAC:	28.93	28.42	26.51	24.19	28.99	26.42	28.99	23.48	24.16	26.67
FlowSAC*:	28.31	27.37	22.60	22.62	23.98	25.01	25.68	27.07	23.62	22.96
0150 : market_5/frame_0013.png
 Matches:	15.36	16.65	17.46	17.97	18.42	18.89	19.25	19.62	20.11	20.57
 Outlier:	19.91	23.03	24.90	26.01	27.28	28.74	29.93	31.07	32.51	33.86
EpicFlow:	15.56	16.29	15.91	16.77	19.65	19.59	20.16	20.91	21.13	21.71
 RicFlow:	16.82	17.08	14.72	15.12	17.64	17.64	16.50	16.45	17.58	18.83
 FlowSAC:	21.20	17.44	16.59	20.24	16.31	15.52	17.94	17.03	17.10	15.79
FlowSAC*:	21.20	16.95	16.41	20.38	16.35	17.17	17.53	17.16	17.23	17.57
0151 : market_5/frame_0014.png
 Matches:	17.16	18.32	18.86	19.22	19.45	19.64	19.88	20.16	20.52	20.81
 Outlier:	18.42	20.64	22.13	23.19	23.82	24.34	25.11	26.08	27.29	28.23
EpicFlow:	10.56	10.52	11.14	11.11	11.18	17.31	17.47	18.03	18.80	18.96
 RicFlow:	12.11	11.83	12.26	12.40	12.30	11.97	11.87	11.94	13.87	14.37
 FlowSAC:	11.90	12.08	11.75	11.61	13.25	11.84	11.88	11.71	11.49	11.62
FlowSAC*:	11.70	11.21	12.19	11.58	11.76	11.84	11.89	11.83	11.50	11.89
0152 : market_5/frame_0015.png
 Matches:	16.45	17.37	18.01	18.26	18.49	18.67	18.84	18.99	19.25	19.56
 Outlier:	19.81	22.05	23.41	24.26	25.01	25.59	26.16	26.63	27.51	28.40
EpicFlow:	14.43	10.01	12.97	9.18	11.32	14.26	15.40	13.77	11.59	10.67
 RicFlow:	9.25	9.86	10.00	10.24	11.66	10.63	10.04	11.16	11.03	11.09
 FlowSAC:	8.58	9.11	10.46	8.68	8.61	8.36	8.92	9.18	8.79	9.48
FlowSAC*:	8.66	9.03	9.72	8.61	8.39	9.30	9.42	8.98	9.55	9.04
0153 : market_5/frame_0016.png
 Matches:	20.26	20.99	21.47	21.74	22.01	22.25	22.41	22.59	23.00	23.20
 Outlier:	14.63	15.78	16.61	17.22	17.90	18.49	18.91	19.34	20.60	21.17
EpicFlow:	7.03	7.14	7.10	7.11	6.98	7.04	7.00	6.81	6.86	6.86
 RicFlow:	7.35	7.04	7.41	7.38	7.51	7.41	7.40	7.47	7.54	7.63
 FlowSAC:	6.94	6.78	6.88	6.69	6.91	7.12	6.92	6.87	6.43	6.77
FlowSAC*:	6.91	6.86	6.82	6.59	6.75	6.94	6.84	7.17	6.46	6.69
0154 : market_5/frame_0017.png
 Matches:	18.89	19.73	20.36	20.70	21.00	21.34	21.66	21.92	22.32	22.66
 Outlier:	10.73	12.26	13.53	14.25	15.02	15.81	16.60	17.13	18.29	19.31
EpicFlow:	8.52	9.00	28.92	26.42	25.36	21.22	20.68	21.84	21.89	17.67
 RicFlow:	8.49	8.41	8.30	8.08	7.50	9.32	11.52	10.24	11.59	12.15
 FlowSAC:	9.86	8.65	8.64	7.85	9.28	9.11	8.99	8.94	7.51	9.00
FlowSAC*:	9.06	8.58	8.65	7.73	9.33	9.12	9.17	9.00	7.52	9.61
0155 : market_5/frame_0018.png
 Matches:	15.16	16.03	16.67	17.14	17.56	18.08	18.46	18.68	19.24	19.70
 Outlier:	11.21	14.22	16.37	18.04	19.36	21.20	22.50	23.29	25.32	26.83
EpicFlow:	27.64	28.78	29.99	30.71	20.87	36.86	37.35	39.48	43.38	40.66
 RicFlow:	23.66	25.18	25.48	23.06	34.47	32.47	33.88	34.46	37.53	37.20
 FlowSAC:	30.30	28.04	21.05	21.46	21.25	24.58	20.05	23.77	21.04	23.25
FlowSAC*:	29.24	28.38	23.54	21.58	21.85	24.66	20.02	24.28	21.09	23.07
0156 : market_5/frame_0019.png
 Matches:	13.21	13.92	14.47	14.85	15.28	15.80	16.13	16.47	16.96	17.53
 Outlier:	11.83	14.62	16.88	18.46	20.29	22.59	23.98	25.32	27.30	29.56
EpicFlow:	25.46	24.32	22.24	24.35	37.55	35.93	35.41	32.62	32.68	34.50
 RicFlow:	35.01	34.09	33.75	33.10	38.41	38.15	39.48	38.14	43.39	45.31
 FlowSAC:	26.56	25.82	26.64	27.27	24.56	25.84	25.15	26.91	37.89	36.01
FlowSAC*:	26.61	25.80	26.57	25.37	23.71	25.78	24.82	27.77	25.62	31.94
0157 : market_5/frame_0020.png
 Matches:	12.16	12.90	13.54	13.98	14.44	14.93	15.36	15.80	16.65	17.37
 Outlier:	15.17	18.24	20.98	22.86	24.94	26.97	28.75	30.56	33.81	36.43
EpicFlow:	43.53	82.42	57.21	40.07	39.53	35.01	35.86	35.15	35.50	36.16
 RicFlow:	47.05	63.53	65.43	52.28	60.87	57.66	55.61	54.69	50.09	51.09
 FlowSAC:	34.58	32.49	33.76	37.29	36.67	41.91	34.96	34.38	33.79	36.30
FlowSAC*:	34.54	33.90	33.87	37.37	35.39	34.48	36.02	35.41	33.68	35.83
0158 : market_5/frame_0021.png
 Matches:	13.03	13.94	14.81	15.52	16.31	17.03	17.55	17.99	18.75	19.37
 Outlier:	15.29	18.79	22.18	24.89	27.79	30.19	31.90	33.28	35.70	37.55
EpicFlow:	31.13	49.90	37.99	29.58	25.98	25.68	25.86	26.04	27.27	28.19
 RicFlow:	18.46	21.46	24.23	24.22	24.90	26.83	28.85	27.51	29.33	35.38
 FlowSAC:	23.00	17.31	20.03	14.09	14.67	15.80	18.96	16.19	17.80	18.42
FlowSAC*:	24.79	14.86	17.76	14.48	15.20	15.83	18.48	16.00	16.86	15.64
0159 : market_5/frame_0022.png
 Matches:	14.09	15.28	16.18	16.73	17.33	17.94	18.54	18.97	19.54	20.00
 Outlier:	14.41	18.02	20.83	22.67	24.59	26.57	28.56	29.87	31.58	32.95
EpicFlow:	22.29	18.29	39.52	41.90	42.53	44.93	45.37	42.85	42.40	36.05
 RicFlow:	26.63	38.79	59.12	50.19	44.18	34.89	39.67	33.58	34.86	36.22
 FlowSAC:	30.67	29.37	22.12	25.96	22.56	23.17	22.33	23.20	22.46	22.50
FlowSAC*:	31.63	29.51	23.57	26.47	23.59	22.82	22.71	22.97	22.30	22.62
0160 : market_5/frame_0023.png
 Matches:	15.52	16.74	17.83	18.48	19.02	19.45	19.83	20.05	20.53	20.90
 Outlier:	14.26	17.41	20.50	22.28	23.72	24.95	26.15	26.77	28.14	29.24
EpicFlow:	20.39	22.87	20.67	18.32	23.41	24.92	24.72	30.56	27.50	33.77
 RicFlow:	13.93	15.93	17.11	25.70	26.28	25.66	33.09	33.00	36.84	42.35
 FlowSAC:	15.15	15.08	13.70	17.18	14.62	16.44	16.38	16.82	16.73	18.08
FlowSAC*:	15.01	15.09	14.73	16.94	14.58	17.02	16.51	16.99	16.46	17.74
0161 : market_5/frame_0024.png
 Matches:	17.91	18.92	19.66	20.05	20.34	20.61	20.80	21.01	21.40	21.66
 Outlier:	12.82	14.96	16.87	17.76	18.47	19.19	19.74	20.26	21.42	22.20
EpicFlow:	13.40	9.71	9.12	9.08	9.09	9.28	9.30	9.09	8.72	8.84
 RicFlow:	9.03	9.77	9.64	9.67	9.65	9.66	9.71	9.69	9.92	10.04
 FlowSAC:	9.52	9.03	23.89	13.28	8.29	11.33	11.68	8.02	8.86	12.39
FlowSAC*:	17.31	8.89	23.88	13.15	8.28	11.24	11.65	8.02	8.73	11.95
0162 : market_5/frame_0025.png
 Matches:	18.63	19.59	20.19	20.54	20.91	21.34	21.70	22.05	22.49	22.82
 Outlier:	10.78	12.99	14.63	15.56	16.48	17.65	18.70	19.77	21.07	22.04
EpicFlow:	15.80	14.86	15.51	15.25	13.83	13.06	11.57	10.92	8.70	8.89
 RicFlow:	12.67	10.02	8.39	8.93	8.47	8.94	9.71	9.74	10.09	9.33
 FlowSAC:	12.26	9.28	11.50	10.03	11.99	7.97	9.63	8.58	8.20	9.76
FlowSAC*:	11.94	10.94	11.38	10.11	10.90	7.80	9.26	8.48	8.75	9.61
0163 : market_5/frame_0026.png
 Matches:	19.86	20.72	21.23	21.58	21.98	22.42	22.72	22.93	23.24	23.51
 Outlier:	11.05	13.10	14.50	15.37	16.37	17.50	18.13	18.53	19.42	20.17
EpicFlow:	7.04	7.85	8.51	8.33	8.34	8.51	8.46	8.38	8.69	7.90
 RicFlow:	8.86	8.76	8.83	8.51	8.50	8.67	8.76	8.57	8.74	8.62
 FlowSAC:	8.19	8.66	8.85	8.61	8.57	8.49	8.76	8.54	8.08	8.27
FlowSAC*:	9.11	9.28	9.23	9.11	9.22	8.51	8.59	8.60	7.95	8.09
0164 : market_5/frame_0027.png
 Matches:	19.93	20.96	21.69	22.01	22.33	22.64	22.97	23.26	23.77	24.17
 Outlier:	10.44	12.57	14.42	15.15	15.79	16.54	17.41	17.96	19.13	20.27
EpicFlow:	11.54	11.38	6.35	7.36	5.37	4.27	4.60	5.35	5.22	5.37
 RicFlow:	11.65	8.85	7.13	6.35	6.09	6.05	4.87	4.80	5.30	6.53
 FlowSAC:	11.47	8.69	4.96	4.67	5.48	5.72	4.64	6.41	4.55	7.14
FlowSAC*:	11.48	8.55	5.07	5.16	4.86	8.43	7.00	6.61	4.48	7.11
0165 : market_5/frame_0028.png
 Matches:	20.52	21.60	22.33	22.73	23.11	23.62	23.99	24.18	24.55	24.76
 Outlier:	11.51	13.95	15.86	16.96	18.03	19.45	20.26	20.77	21.70	22.24
EpicFlow:	9.34	6.00	7.11	7.22	7.03	7.52	7.73	7.58	7.56	7.67
 RicFlow:	7.59	6.22	7.27	7.11	7.16	7.06	7.27	7.39	7.39	7.44
 FlowSAC:	4.73	5.45	5.32	5.58	5.51	5.65	5.65	5.68	5.76	6.10
FlowSAC*:	4.62	5.12	5.21	5.24	5.44	5.28	5.41	5.42	5.63	5.68
0166 : market_5/frame_0029.png
 Matches:	20.25	21.26	21.97	22.36	22.70	23.20	23.57	23.76	24.09	24.36
 Outlier:	9.24	11.32	12.88	13.82	14.56	16.03	17.06	17.53	18.35	19.12
EpicFlow:	22.86	22.89	22.96	22.92	15.46	11.25	11.95	12.35	25.75	26.32
 RicFlow:	22.73	22.87	22.83	22.96	19.83	17.14	18.36	17.53	27.62	26.92
 FlowSAC:	20.66	19.81	19.59	19.74	19.97	10.93	10.96	10.82	11.14	20.06
FlowSAC*:	19.92	19.66	19.56	18.79	19.91	10.76	10.83	10.62	11.00	24.34
0167 : market_5/frame_0030.png
 Matches:	21.59	22.64	23.32	23.73	24.11	24.51	24.72	24.96	25.30	25.59
 Outlier:	8.19	9.84	11.23	12.05	12.93	13.94	14.45	15.05	15.75	16.49
EpicFlow:	10.44	10.40	10.46	10.54	10.60	10.61	10.63	11.05	9.53	9.32
 RicFlow:	10.72	10.80	10.81	12.12	12.12	9.18	9.10	9.15	9.07	8.71
 FlowSAC:	10.32	10.45	11.33	11.34	11.28	11.05	10.92	10.97	10.83	10.81
FlowSAC*:	10.39	10.32	11.35	11.28	11.14	11.15	11.04	10.93	10.74	10.75
0168 : market_5/frame_0031.png
 Matches:	22.00	23.07	23.65	23.98	24.29	24.62	24.83	25.02	25.19	25.35
 Outlier:	8.46	10.22	11.32	12.10	12.82	13.75	14.29	14.66	14.98	15.24
EpicFlow:	9.56	9.58	9.59	9.68	9.69	9.77	9.76	9.76	9.78	9.78
 RicFlow:	9.90	10.04	10.10	10.03	10.07	10.06	10.09	10.18	10.13	10.13
 FlowSAC:	9.60	9.64	9.66	9.60	9.70	9.65	9.77	9.73	9.71	9.66
FlowSAC*:	9.53	9.57	9.52	9.59	9.60	9.58	9.59	9.62	9.62	9.62
0169 : market_5/frame_0042.png
 Matches:	22.58	23.40	23.95	24.32	24.59	24.86	25.03	25.19	25.64	25.78
 Outlier:	5.80	7.30	8.65	9.54	10.09	10.61	10.96	11.40	12.09	12.36
EpicFlow:	2.18	2.14	3.15	3.18	3.18	3.09	3.01	2.94	3.18	3.27
 RicFlow:	1.89	1.79	1.82	1.84	1.85	1.90	2.00	2.11	2.14	2.17
 FlowSAC:	2.72	3.25	3.25	3.40	3.30	3.32	3.00	3.39	3.18	3.21
FlowSAC*:	3.23	2.98	3.28	3.31	3.34	3.25	3.17	3.36	3.15	3.20
0170 : market_5/frame_0044.png
 Matches:	21.61	22.40	22.88	23.18	23.44	23.76	23.95	24.09	24.28	24.39
 Outlier:	6.63	8.36	9.56	10.32	11.04	12.03	12.54	12.96	13.44	13.74
EpicFlow:	5.30	5.22	4.87	4.87	4.75	4.74	4.83	5.17	5.65	5.63
 RicFlow:	3.23	3.96	4.49	4.58	4.54	4.56	4.57	4.54	4.48	4.55
 FlowSAC:	5.50	5.53	5.68	4.50	4.56	4.29	4.63	4.93	5.03	4.60
FlowSAC*:	5.47	5.52	3.68	4.36	4.56	4.29	4.43	5.04	4.51	5.00
0171 : market_5/frame_0045.png
 Matches:	20.30	20.98	21.60	21.91	22.24	22.44	22.61	22.76	23.09	23.35
 Outlier:	7.22	8.79	10.25	10.95	11.91	12.42	12.82	13.16	14.07	14.69
EpicFlow:	6.60	6.57	6.58	6.42	6.06	6.06	6.05	6.49	6.87	7.60
 RicFlow:	7.67	7.74	7.26	7.23	7.24	6.53	6.40	6.37	6.80	6.84
 FlowSAC:	6.92	6.67	8.55	8.62	8.58	6.00	6.55	7.10	5.79	7.35
FlowSAC*:	7.47	8.07	9.12	8.61	8.55	8.54	8.64	6.11	10.08	9.03
0172 : market_5/frame_0046.png
 Matches:	19.31	20.06	20.56	20.85	21.17	21.36	21.50	21.64	22.05	22.38
 Outlier:	6.49	8.22	9.58	10.39	11.34	11.80	12.16	12.56	13.90	14.94
EpicFlow:	6.57	5.54	5.72	6.20	6.14	6.11	6.07	6.21	6.32	6.93
 RicFlow:	5.73	5.32	5.44	5.68	5.35	4.98	5.29	5.38	5.73	6.18
 FlowSAC:	5.51	5.40	5.78	5.70	6.44	5.78	5.92	6.08	6.19	5.69
FlowSAC*:	5.58	5.22	5.84	5.66	6.05	5.57	5.94	5.87	6.15	5.88
0173 : market_5/frame_0047.png
 Matches:	18.86	19.44	19.88	20.18	20.39	20.62	20.77	20.91	21.23	21.55
 Outlier:	6.18	7.77	8.98	9.97	10.58	11.27	11.67	12.09	13.19	14.23
EpicFlow:	11.80	11.13	11.61	12.01	12.27	11.03	10.17	10.29	11.95	10.92
 RicFlow:	9.78	9.24	10.29	10.73	13.28	11.60	14.05	14.10	13.39	11.51
 FlowSAC:	10.72	12.31	11.61	9.72	10.53	11.89	12.29	12.52	10.13	10.21
FlowSAC*:	11.53	11.38	11.62	11.73	10.51	11.83	12.26	12.23	12.12	10.93
0174 : market_5/frame_0048.png
 Matches:	19.14	19.84	20.38	20.56	20.76	20.95	21.10	21.25	21.52	21.85
 Outlier:	9.75	11.47	13.01	13.53	14.12	14.60	14.95	15.38	16.27	17.39
EpicFlow:	14.36	15.87	19.37	19.71	18.89	19.10	20.36	20.48	18.11	20.72
 RicFlow:	12.82	15.01	16.32	15.81	16.67	16.31	18.54	19.35	19.27	20.72
 FlowSAC:	20.89	19.02	17.99	19.21	16.26	17.48	20.48	20.44	16.31	19.02
FlowSAC*:	13.57	15.67	13.35	14.94	21.64	17.63	19.72	16.18	12.84	15.03
0175 : market_5/frame_0049.png
 Matches:	19.44	20.20	20.65	20.89	21.09	21.27	21.44	21.56	21.85	22.13
 Outlier:	7.95	10.15	11.43	12.15	12.75	13.29	13.84	14.22	15.17	16.12
EpicFlow:	11.91	11.81	12.07	12.33	12.50	14.02	13.31	13.33	12.88	11.90
 RicFlow:	11.68	11.76	11.37	10.95	10.79	11.15	10.40	9.47	10.50	12.48
 FlowSAC:	13.01	13.13	14.12	24.61	12.59	24.71	13.41	12.92	12.97	13.40
FlowSAC*:	13.30	13.08	14.09	24.64	12.84	24.64	13.41	12.53	12.75	12.80
0176 : market_6/frame_0001.png
 Matches:	21.16	21.78	22.23	22.49	22.71	22.99	23.25	23.48	23.79	24.03
 Outlier:	8.21	9.71	10.74	11.35	11.81	12.54	13.29	13.89	14.83	15.56
EpicFlow:	3.13	3.06	3.09	3.14	3.19	3.19	3.19	3.18	3.36	3.57
 RicFlow:	3.03	3.09	3.15	3.15	3.15	3.19	3.11	3.12	3.21	3.27
 FlowSAC:	2.72	2.89	2.89	2.85	2.95	2.78	2.90	2.76	2.85	2.74
FlowSAC*:	2.95	2.95	2.88	2.88	2.98	2.84	2.92	2.90	2.86	2.77
0177 : market_6/frame_0002.png
 Matches:	21.87	22.47	22.83	23.04	23.22	23.35	23.49	23.60	23.91	24.22
 Outlier:	7.86	9.35	10.29	10.79	11.22	11.62	12.02	12.35	13.35	14.40
EpicFlow:	3.59	3.34	3.28	3.19	3.10	3.08	3.05	3.03	3.21	3.70
 RicFlow:	3.61	3.42	3.12	3.11	3.46	3.34	3.44	3.22	3.48	3.86
 FlowSAC:	3.38	2.70	2.95	2.97	2.93	2.53	2.98	2.69	3.02	3.04
FlowSAC*:	3.38	3.15	2.95	3.15	2.95	2.86	2.99	2.93	2.95	3.04
0178 : market_6/frame_0003.png
 Matches:	21.93	22.41	22.66	22.81	22.94	23.07	23.16	23.28	23.46	23.63
 Outlier:	8.67	9.82	10.59	11.06	11.38	11.78	12.02	12.39	13.06	13.67
EpicFlow:	4.32	4.36	4.49	4.56	4.50	4.53	4.49	4.55	4.54	4.74
 RicFlow:	3.97	4.21	4.65	4.89	5.01	4.99	4.84	5.05	5.03	5.06
 FlowSAC:	3.81	3.80	3.86	3.93	3.66	3.61	4.04	3.44	3.54	3.22
FlowSAC*:	3.89	4.08	3.88	3.92	3.85	3.84	4.32	4.06	3.97	3.99
0179 : market_6/frame_0004.png
 Matches:	22.20	22.72	23.05	23.22	23.32	23.41	23.49	23.55	23.80	24.10
 Outlier:	8.39	9.88	10.90	11.32	11.65	11.83	11.97	12.12	13.07	14.16
EpicFlow:	3.97	4.15	4.24	4.32	4.37	4.39	4.38	4.38	4.95	7.07
 RicFlow:	3.73	3.97	4.04	4.22	4.29	4.33	4.27	4.33	4.51	4.80
 FlowSAC:	3.90	3.63	3.92	3.58	3.68	3.79	3.92	3.85	3.94	3.88
FlowSAC*:	3.92	3.71	4.01	3.86	3.98	3.87	4.01	3.93	3.97	3.98
0180 : market_6/frame_0005.png
 Matches:	21.76	22.24	22.52	22.69	22.87	22.98	23.18	23.32	23.56	23.82
 Outlier:	7.42	8.92	9.81	10.36	10.80	11.13	11.60	12.13	12.99	13.95
EpicFlow:	4.22	4.43	4.43	4.52	4.61	4.68	4.73	6.30	6.75	7.14
 RicFlow:	4.07	4.30	4.37	4.47	4.43	4.45	4.71	4.73	5.19	5.90
 FlowSAC:	3.93	3.95	4.24	4.04	3.96	3.94	3.93	4.04	4.06	4.02
FlowSAC*:	4.01	4.03	4.25	4.13	4.13	4.13	3.95	4.04	4.09	4.03
0181 : market_6/frame_0006.png
 Matches:	21.66	22.22	22.62	22.83	23.05	23.26	23.35	23.44	23.63	23.87
 Outlier:	8.16	9.94	11.28	11.96	12.50	12.93	13.19	13.51	14.08	14.94
EpicFlow:	3.95	4.20	4.44	4.55	4.58	4.60	4.60	4.63	4.69	6.61
 RicFlow:	3.99	4.31	5.38	5.64	6.35	6.33	6.13	6.30	6.36	6.46
 FlowSAC:	3.89	3.91	3.87	3.96	4.30	3.90	4.04	4.08	3.96	3.76
FlowSAC*:	3.89	3.93	4.11	4.03	4.17	4.05	4.02	4.08	4.07	4.20
0182 : market_6/frame_0007.png
 Matches:	21.56	22.14	22.46	22.68	22.90	23.17	23.28	23.42	23.69	24.04
 Outlier:	8.25	9.78	10.76	11.35	11.93	12.75	13.02	13.44	14.38	15.61
EpicFlow:	4.06	4.27	4.48	4.55	4.63	4.68	4.69	4.72	5.07	7.02
 RicFlow:	3.71	4.44	4.88	4.82	4.74	4.79	4.99	5.02	5.16	5.71
 FlowSAC:	3.78	3.91	4.05	4.03	3.93	3.95	3.92	3.90	4.21	4.03
FlowSAC*:	3.86	3.91	4.02	4.02	4.04	4.09	4.02	4.01	4.38	4.14
0183 : market_6/frame_0008.png
 Matches:	21.19	21.94	22.33	22.53	22.71	23.01	23.22	23.36	23.60	23.91
 Outlier:	9.67	11.70	12.72	13.28	13.73	14.62	15.31	15.82	16.55	17.58
EpicFlow:	4.12	4.34	4.62	4.67	4.69	4.73	4.74	4.72	5.36	6.18
 RicFlow:	3.87	4.83	5.26	5.44	5.38	5.42	5.51	5.62	5.81	6.46
 FlowSAC:	3.74	3.75	3.92	3.99	3.68	4.07	3.80	3.96	4.03	3.88
FlowSAC*:	3.98	3.91	3.92	4.11	3.91	4.11	3.93	4.23	4.24	3.71
0184 : market_6/frame_0009.png
 Matches:	21.53	22.29	22.72	22.95	23.06	23.26	23.43	23.52	23.71	24.04
 Outlier:	9.93	12.19	13.47	14.06	14.29	14.78	15.15	15.42	16.08	17.20
EpicFlow:	4.10	4.19	4.40	4.43	4.45	4.45	4.44	4.47	5.13	5.00
 RicFlow:	3.69	4.80	4.92	4.81	4.92	4.87	4.94	5.17	5.27	5.74
 FlowSAC:	3.62	3.77	3.90	3.61	3.72	3.67	3.62	3.72	3.35	3.46
FlowSAC*:	3.66	4.06	3.85	3.72	3.86	3.91	3.78	3.89	3.45	3.60
0185 : market_6/frame_0010.png
 Matches:	21.84	22.62	23.03	23.27	23.39	23.50	23.58	23.70	23.98	24.24
 Outlier:	12.82	14.90	16.03	16.74	16.99	17.20	17.39	17.66	18.56	19.42
EpicFlow:	4.34	4.50	4.61	4.67	4.67	4.68	4.68	4.66	4.82	5.59
 RicFlow:	5.10	5.25	5.37	5.40	5.42	5.45	5.38	5.47	5.48	5.52
 FlowSAC:	3.52	3.41	3.90	4.04	3.61	3.99	3.54	3.75	4.02	3.98
FlowSAC*:	3.57	3.46	3.91	3.80	3.80	4.05	3.55	3.97	4.04	4.03
0186 : market_6/frame_0011.png
 Matches:	21.27	21.95	22.20	22.34	22.48	22.54	22.61	22.77	23.22	23.58
 Outlier:	10.68	12.15	12.80	13.10	13.52	13.67	13.86	14.46	15.98	16.86
EpicFlow:	4.51	4.54	4.57	4.55	4.50	4.48	4.49	4.76	4.97	6.33
 RicFlow:	4.45	4.61	4.68	4.69	4.88	4.89	4.92	4.93	5.27	5.21
 FlowSAC:	4.12	4.19	4.04	4.05	4.04	4.07	4.02	4.14	3.93	4.06
FlowSAC*:	4.11	4.17	4.06	4.06	4.07	4.17	4.03	4.45	4.00	4.04
0187 : market_6/frame_0012.png
 Matches:	21.11	21.67	22.00	22.15	22.30	22.48	22.61	22.79	23.06	23.30
 Outlier:	9.49	10.99	11.82	12.23	12.73	13.36	13.81	14.38	15.33	16.15
EpicFlow:	3.42	3.50	3.57	3.60	3.62	3.67	3.72	4.31	4.64	5.10
 RicFlow:	3.37	3.54	3.60	3.52	3.59	3.75	3.78	3.92	3.94	4.57
 FlowSAC:	3.22	3.30	3.39	3.31	3.84	3.82	3.85	3.88	3.37	3.42
FlowSAC*:	3.19	3.42	3.38	3.35	3.22	3.30	3.31	3.44	3.44	3.38
0188 : market_6/frame_0015.png
 Matches:	22.08	22.80	23.22	23.42	23.55	23.78	23.90	24.00	24.24	24.45
 Outlier:	12.13	13.62	14.59	14.99	15.20	15.72	15.98	16.22	16.96	17.62
EpicFlow:	6.33	7.18	7.16	7.04	7.11	7.22	7.18	7.30	7.42	6.98
 RicFlow:	6.44	6.84	6.88	6.93	6.78	6.79	6.88	6.96	7.04	7.07
 FlowSAC:	6.36	6.28	6.53	6.11	6.54	6.57	6.35	6.48	6.87	6.64
FlowSAC*:	7.35	6.28	6.76	6.31	6.54	6.59	7.14	7.05	7.09	6.85
0189 : market_6/frame_0029.png
 Matches:	21.64	22.22	22.68	22.93	23.23	23.54	23.77	24.17	24.42	24.86
 Outlier:	8.12	9.21	10.37	11.04	11.91	12.90	13.59	14.71	15.33	16.78
EpicFlow:	4.09	4.25	4.41	4.60	4.55	4.60	4.48	4.92	4.93	5.57
 RicFlow:	4.70	4.67	5.11	5.16	5.13	5.16	5.19	5.38	5.32	6.22
 FlowSAC:	4.60	4.27	4.46	4.91	5.83	4.49	5.86	6.00	5.62	4.79
FlowSAC*:	4.63	4.41	5.01	4.66	4.84	4.61	5.96	4.99	5.53	5.40
0190 : market_6/frame_0030.png
 Matches:	22.06	22.79	23.23	23.48	23.76	24.16	24.46	24.86	25.14	25.46
 Outlier:	8.49	10.13	11.17	11.80	12.55	13.70	14.50	15.70	16.43	17.38
EpicFlow:	3.10	3.06	3.01	3.04	2.99	3.17	3.32	3.52	3.67	4.18
 RicFlow:	3.41	2.99	3.08	3.12	3.16	3.22	3.36	3.46	3.56	3.76
 FlowSAC:	3.65	3.33	3.36	3.30	3.34	3.42	3.44	3.51	3.65	3.68
FlowSAC*:	3.32	3.39	3.30	3.26	3.25	3.34	3.37	3.44	3.55	3.56
0191 : market_6/frame_0032.png
 Matches:	21.74	22.55	23.14	23.44	23.79	24.22	24.50	24.86	25.10	25.41
 Outlier:	8.79	10.62	12.07	12.82	13.71	14.83	15.58	16.67	17.34	18.12
EpicFlow:	3.24	3.67	3.59	3.71	3.70	3.71	3.71	3.83	3.96	4.19
 RicFlow:	3.20	3.37	3.67	3.80	3.69	3.68	3.74	3.94	4.01	4.17
 FlowSAC:	3.43	3.50	3.77	3.47	3.63	3.46	3.54	3.72	3.90	3.78
FlowSAC*:	3.27	3.57	3.75	3.51	3.60	3.44	3.49	3.54	3.67	3.64
0192 : market_6/frame_0033.png
 Matches:	21.85	22.52	22.95	23.19	23.42	23.74	24.15	24.40	24.75	25.02
 Outlier:	8.38	10.04	11.12	11.74	12.34	13.18	14.40	15.16	16.12	16.72
EpicFlow:	4.45	4.33	4.48	4.43	4.38	4.48	4.57	4.65	4.88	4.88
 RicFlow:	4.24	4.27	4.29	4.27	4.44	4.26	4.22	4.46	4.63	4.81
 FlowSAC:	4.28	4.57	4.22	4.48	4.27	4.20	4.49	4.53	4.57	4.50
FlowSAC*:	4.22	4.56	4.21	4.43	4.18	4.18	4.21	4.32	4.23	4.37
0193 : temple_2/frame_0019.png
 Matches:	21.99	22.52	22.87	23.12	23.31	23.54	23.66	23.80	24.08	24.25
 Outlier:	7.48	8.60	9.50	10.10	10.62	11.15	11.46	11.88	12.76	13.21
EpicFlow:	7.65	7.67	8.57	8.30	7.17	8.03	8.30	7.98	7.79	7.69
 RicFlow:	7.93	8.52	7.34	7.21	8.88	8.33	8.41	9.07	10.38	11.64
 FlowSAC:	7.78	7.48	7.80	7.78	6.42	8.53	8.61	9.45	9.59	10.12
FlowSAC*:	7.52	7.54	7.79	7.89	7.50	9.69	9.50	11.58	9.85	10.81
0194 : temple_2/frame_0021.png
 Matches:	23.47	24.13	24.52	24.78	24.94	25.10	25.22	25.33	25.47	25.66
 Outlier:	7.89	9.15	9.90	10.49	10.89	11.29	11.65	11.90	12.26	12.84
EpicFlow:	2.99	3.15	3.24	3.29	3.27	3.25	3.26	3.44	3.55	3.63
 RicFlow:	3.17	3.52	3.53	3.57	3.57	3.33	3.37	3.35	3.32	3.29
 FlowSAC:	2.79	2.85	2.91	2.81	2.86	2.93	2.98	3.10	3.30	3.17
FlowSAC*:	2.79	2.78	2.84	2.79	2.82	2.83	2.75	2.66	3.13	2.95
0195 : temple_2/frame_0022.png
 Matches:	22.74	23.42	23.98	24.23	24.37	24.54	24.65	24.74	24.87	25.06
 Outlier:	8.47	9.97	11.23	11.88	12.21	12.49	12.69	12.91	13.21	13.69
EpicFlow:	3.37	3.31	3.39	3.50	3.56	3.59	3.83	3.89	3.69	3.86
 RicFlow:	3.54	3.53	3.59	3.67	3.65	3.63	3.63	3.69	3.85	3.84
 FlowSAC:	3.04	2.92	2.89	2.75	2.90	3.08	3.25	3.17	2.90	3.18
FlowSAC*:	2.99	2.80	3.01	2.81	2.92	3.06	2.96	3.10	2.87	3.14
0196 : temple_2/frame_0023.png
 Matches:	23.56	24.31	24.78	25.02	25.21	25.31	25.37	25.43	25.63	25.89
 Outlier:	10.28	11.99	12.98	13.62	14.12	14.38	14.54	14.63	15.18	15.92
EpicFlow:	5.56	5.60	6.19	6.29	6.14	6.13	6.13	6.25	6.44	6.47
 RicFlow:	4.88	4.93	4.99	5.08	5.28	5.29	5.31	5.31	5.42	6.25
 FlowSAC:	5.07	4.96	5.47	5.38	5.56	5.52	5.43	5.57	5.58	6.20
FlowSAC*:	5.05	5.15	5.29	5.32	5.15	5.46	5.10	5.31	5.63	5.77
0197 : temple_2/frame_0024.png
 Matches:	21.20	21.73	22.13	22.42	22.66	22.90	23.07	23.22	23.48	23.78
 Outlier:	7.36	8.46	9.54	10.30	10.99	11.61	12.10	12.57	13.41	14.37
EpicFlow:	10.90	10.77	10.11	9.14	8.63	8.87	8.74	8.89	10.44	10.57
 RicFlow:	9.23	9.21	10.16	10.25	10.24	10.97	11.42	11.54	11.25	13.31
 FlowSAC:	10.99	10.84	10.44	10.24	10.98	11.22	10.72	11.06	10.22	10.57
FlowSAC*:	10.76	10.04	9.29	10.09	10.92	11.15	10.56	10.98	9.75	10.02
0198 : temple_2/frame_0025.png
 Matches:	20.43	20.87	21.24	21.51	21.74	22.01	22.17	22.35	22.67	22.96
 Outlier:	6.44	7.58	8.60	9.43	10.13	11.06	11.62	12.23	13.37	14.34
EpicFlow:	10.48	10.03	10.86	10.50	10.00	10.60	11.51	11.57	12.34	12.08
 RicFlow:	16.41	14.52	17.29	16.14	16.14	16.17	16.78	17.30	17.89	17.95
 FlowSAC:	9.69	13.13	13.91	13.46	13.15	12.60	11.17	16.13	16.20	13.30
FlowSAC*:	10.52	13.26	13.90	12.62	14.29	12.57	11.16	16.09	14.06	14.39
0199 : temple_2/frame_0026.png
 Matches:	22.30	22.90	23.27	23.49	23.70	23.92	24.14	24.25	24.50	24.77
 Outlier:	7.57	9.06	10.10	10.66	11.14	11.77	12.43	12.75	13.41	14.22
EpicFlow:	5.09	4.99	4.74	17.15	13.65	13.12	8.01	5.35	5.18	7.11
 RicFlow:	4.72	4.95	4.95	4.66	5.02	8.17	12.17	9.45	9.87	12.99
 FlowSAC:	4.98	4.58	4.77	4.90	4.42	3.98	3.90	4.13	4.06	4.53
FlowSAC*:	5.49	4.65	4.87	4.83	4.47	4.06	4.07	4.21	4.04	4.34
0200 : temple_2/frame_0027.png
 Matches:	21.43	21.89	22.34	22.64	22.89	23.17	23.33	23.45	23.83	24.12
 Outlier:	6.96	8.03	9.16	9.93	10.64	11.40	11.91	12.28	13.51	14.40
EpicFlow:	9.30	11.28	11.26	8.60	8.79	9.00	9.10	9.07	9.91	10.07
 RicFlow:	10.59	9.43	10.70	11.36	11.95	12.24	12.28	12.35	12.65	12.24
 FlowSAC:	10.34	9.34	10.77	9.40	10.84	10.97	10.56	11.03	10.96	10.92
FlowSAC*:	12.97	9.33	10.68	9.59	11.13	14.79	10.83	10.85	10.85	10.74
0201 : temple_2/frame_0028.png
 Matches:	21.78	22.21	22.58	22.85	23.10	23.36	23.52	23.67	23.98	24.20
 Outlier:	6.62	7.69	8.71	9.54	10.26	11.06	11.49	11.90	12.79	13.50
EpicFlow:	9.39	9.32	9.36	9.12	9.14	9.53	9.96	10.06	10.13	10.34
 RicFlow:	10.83	10.36	10.32	10.10	10.69	11.14	11.00	11.83	11.12	11.89
 FlowSAC:	9.06	8.93	8.49	8.53	9.17	8.38	8.32	9.13	8.83	9.46
FlowSAC*:	9.06	9.36	8.68	8.54	9.27	8.62	8.92	10.01	9.97	9.47
0202 : temple_2/frame_0029.png
 Matches:	23.97	24.41	24.76	24.92	25.04	25.17	25.26	25.32	25.46	25.52
 Outlier:	5.69	6.50	7.24	7.60	7.86	8.14	8.38	8.52	8.92	9.09
EpicFlow:	10.42	10.43	9.76	10.51	10.45	10.44	10.43	10.42	10.46	10.49
 RicFlow:	10.14	10.32	10.27	10.40	10.38	10.28	10.30	10.11	10.20	10.29
 FlowSAC:	9.63	9.78	10.97	9.66	10.72	10.58	10.68	10.58	9.76	9.75
FlowSAC*:	9.61	9.75	10.93	10.51	10.68	10.54	10.64	10.55	10.61	10.68
0203 : temple_2/frame_0030.png
 Matches:	25.43	25.71	25.92	26.03	26.17	26.30	26.39	26.46	26.57	26.70
 Outlier:	5.26	5.73	6.18	6.47	6.82	7.12	7.41	7.61	7.93	8.34
EpicFlow:	6.39	6.34	6.34	6.43	6.41	6.42	6.39	5.45	5.38	5.42
 RicFlow:	5.15	5.21	5.15	5.81	5.55	6.10	5.93	5.79	5.85	5.77
 FlowSAC:	6.39	6.44	5.33	4.99	6.43	6.53	5.58	5.84	5.67	5.63
FlowSAC*:	6.36	6.42	5.29	4.44	6.40	6.43	5.55	5.81	5.64	5.63
0204 : temple_3/frame_0001.png
 Matches:	22.58	23.26	23.73	23.93	24.17	24.32	24.47	24.56	24.78	25.06
 Outlier:	11.78	12.72	13.93	14.21	14.62	14.96	15.27	15.48	16.04	16.91
EpicFlow:	1.72	1.80	2.12	2.22	1.86	2.16	2.18	2.22	2.17	2.39
 RicFlow:	1.79	1.81	1.85	1.80	1.97	1.96	1.91	1.98	1.99	2.36
 FlowSAC:	1.90	2.04	2.06	1.87	1.80	1.97	2.07	1.71	1.89	1.77
FlowSAC*:	1.44	1.65	1.65	1.54	1.45	1.51	1.47	1.39	1.52	1.49
0205 : temple_3/frame_0020.png
 Matches:	19.28	20.05	20.57	20.90	21.14	21.74	21.86	21.95	22.27	22.48
 Outlier:	11.42	12.84	14.34	15.19	15.86	17.95	18.28	18.56	19.57	20.16
EpicFlow:	2.86	3.49	3.99	4.46	4.75	5.68	5.70	5.79	7.77	9.15
 RicFlow:	3.17	3.26	3.63	3.65	3.95	4.49	4.48	4.55	4.82	4.97
 FlowSAC:	2.79	2.79	2.91	3.20	3.12	3.13	3.27	3.43	3.62	3.30
FlowSAC*:	2.83	2.85	2.97	3.21	3.13	2.70	2.78	2.88	3.47	2.76
0206 : temple_3/frame_0021.png
 Matches:	15.94	16.74	17.31	17.65	18.04	18.43	18.65	18.80	19.41	19.91
 Outlier:	15.00	17.14	18.77	19.86	21.09	22.36	22.99	23.50	25.57	27.26
EpicFlow:	6.30	5.94	6.08	6.54	6.92	7.00	6.89	7.14	7.37	8.04
 RicFlow:	6.68	6.45	6.83	6.89	8.38	8.37	8.48	8.66	10.02	9.91
 FlowSAC:	6.54	9.14	6.19	6.16	6.50	6.85	6.98	6.98	5.87	7.16
FlowSAC*:	6.06	5.88	6.21	6.20	6.52	6.51	6.82	6.79	5.87	6.71
0207 : temple_3/frame_0022.png
 Matches:	15.06	15.99	16.42	16.68	16.91	17.23	17.45	17.68	18.02	18.42
 Outlier:	16.39	18.84	19.77	20.47	21.08	22.15	22.77	23.60	24.72	26.19
EpicFlow:	9.67	9.49	9.52	9.48	9.47	9.56	9.68	9.70	18.08	22.06
 RicFlow:	10.82	11.29	11.26	11.53	11.59	11.69	12.37	12.82	13.05	12.97
 FlowSAC:	8.78	9.06	14.47	8.02	8.26	12.82	10.40	15.34	18.54	18.89
FlowSAC*:	8.72	8.33	12.21	11.67	9.07	13.38	8.63	15.40	13.90	9.34
0208 : temple_3/frame_0023.png
 Matches:	15.75	16.60	17.15	17.42	17.67	17.97	18.25	18.49	18.81	19.06
 Outlier:	10.22	12.30	13.80	14.39	15.08	16.01	16.96	17.74	18.78	19.56
EpicFlow:	12.62	12.81	12.83	12.90	12.94	12.85	13.11	13.19	13.08	13.56
 RicFlow:	13.35	15.20	16.24	16.85	16.92	17.07	17.37	16.91	17.37	17.98
 FlowSAC:	12.70	12.41	12.39	12.29	12.70	12.33	12.59	12.56	13.30	12.77
FlowSAC*:	12.79	12.49	12.50	12.47	12.90	12.65	12.93	12.84	13.11	12.90
0209 : temple_3/frame_0024.png
 Matches:	14.92	15.87	16.38	16.74	17.03	17.38	17.67	17.95	18.48	18.91
 Outlier:	18.15	20.35	21.75	22.77	23.57	24.52	25.52	26.39	28.14	29.57
EpicFlow:	5.88	6.15	6.00	6.14	6.15	7.68	8.30	7.71	9.32	9.92
 RicFlow:	6.22	6.32	6.90	6.89	6.76	6.74	6.89	6.85	6.84	7.05
 FlowSAC:	5.46	4.66	4.47	4.82	4.70	5.91	5.59	4.79	5.47	4.73
FlowSAC*:	5.43	5.26	4.94	4.93	5.35	5.99	6.06	5.81	5.94	5.04
0210 : temple_3/frame_0025.png
 Matches:	15.51	16.58	17.16	17.51	17.92	18.22	18.63	18.87	19.47	20.14
 Outlier:	15.93	19.13	20.94	22.09	23.43	24.30	25.50	26.18	27.76	29.72
EpicFlow:	7.78	8.34	8.58	8.08	9.40	9.19	9.33	9.50	9.32	10.35
 RicFlow:	8.47	9.04	8.81	8.81	8.65	9.64	10.33	10.13	10.81	10.80
 FlowSAC:	7.72	8.27	7.72	8.21	8.48	8.87	9.01	8.19	8.88	9.60
FlowSAC*:	7.64	8.31	8.11	8.64	8.74	8.69	8.59	8.16	8.67	9.11
0211 : temple_3/frame_0026.png
 Matches:	14.70	15.65	16.32	16.70	17.13	17.44	17.70	18.06	18.91	19.54
 Outlier:	12.39	15.02	17.19	18.56	20.15	21.12	21.94	23.31	26.46	28.57
EpicFlow:	15.39	14.41	14.26	19.15	18.81	17.16	16.75	18.55	18.34	18.41
 RicFlow:	14.52	15.61	16.68	16.19	17.32	17.63	17.66	18.09	18.15	18.02
 FlowSAC:	9.40	11.81	12.13	8.91	13.08	16.74	21.36	12.12	12.06	15.57
FlowSAC*:	9.26	11.79	12.17	11.19	13.07	12.01	12.63	13.24	12.66	14.53
0212 : temple_3/frame_0027.png
 Matches:	15.32	16.31	16.96	17.35	17.72	18.14	18.45	18.79	19.49	20.07
 Outlier:	15.45	18.50	20.49	21.52	22.54	23.97	24.95	25.97	28.20	29.90
EpicFlow:	7.28	8.25	8.60	8.66	8.11	8.07	8.09	8.28	8.77	10.53
 RicFlow:	7.33	7.55	7.61	7.77	7.78	8.14	8.54	8.71	9.16	10.29
 FlowSAC:	7.38	7.56	7.37	7.10	7.90	7.13	7.64	7.18	8.36	7.26
FlowSAC*:	6.90	7.23	6.32	6.20	7.27	6.29	7.35	7.23	8.10	7.07
0213 : temple_3/frame_0028.png
 Matches:	13.66	14.89	15.72	16.22	16.63	17.09	17.52	17.86	18.47	19.11
 Outlier:	19.24	23.11	25.51	26.94	28.19	29.55	30.95	31.94	33.74	35.59
EpicFlow:	7.32	7.10	8.52	8.55	8.79	10.53	9.57	8.92	10.34	11.96
 RicFlow:	10.19	9.95	10.39	10.45	10.40	11.76	12.33	12.99	13.39	14.22
 FlowSAC:	7.92	7.84	7.59	7.37	8.17	7.87	8.24	8.37	8.49	8.24
FlowSAC*:	7.79	6.95	7.62	7.47	7.94	8.27	8.22	7.36	8.45	7.78
0214 : temple_3/frame_0029.png
 Matches:	12.94	13.98	14.77	15.23	15.63	16.05	16.46	16.80	17.51	18.15
 Outlier:	18.76	21.93	24.53	25.98	27.31	28.49	29.76	30.99	33.41	35.47
EpicFlow:	12.04	11.88	12.57	12.88	13.23	13.11	13.16	11.99	12.97	12.82
 RicFlow:	12.12	12.68	13.49	12.49	13.28	13.03	14.21	13.64	13.32	14.30
 FlowSAC:	12.97	13.01	13.72	12.82	14.68	13.65	11.02	11.34	11.41	12.10
FlowSAC*:	12.28	13.05	13.70	12.60	12.52	12.14	10.57	9.93	10.79	11.18
0215 : temple_3/frame_0030.png
 Matches:	13.27	14.38	15.09	15.55	16.04	16.52	16.94	17.35	17.97	18.42
 Outlier:	18.57	22.02	24.18	25.55	27.29	28.87	30.01	31.19	32.87	34.17
EpicFlow:	13.53	13.81	13.00	15.23	16.41	15.60	16.42	16.02	16.49	16.53
 RicFlow:	18.06	16.35	16.64	18.29	18.61	18.40	19.72	19.03	18.28	20.20
 FlowSAC:	14.26	14.56	13.81	15.60	16.76	16.30	16.69	16.41	16.93	17.53
FlowSAC*:	14.41	14.65	14.32	15.62	16.76	16.12	16.81	16.08	17.20	17.76
0216 : temple_3/frame_0031.png
 Matches:	13.17	14.11	14.80	15.23	15.66	16.18	16.57	16.83	17.70	18.17
 Outlier:	12.32	15.74	18.40	19.96	21.60	23.74	25.26	26.27	29.54	31.16
EpicFlow:	19.84	17.83	18.28	17.40	17.99	17.80	17.79	17.00	16.84	16.72
 RicFlow:	21.28	20.55	20.07	21.86	21.29	22.03	22.26	22.43	22.90	26.01
 FlowSAC:	21.08	20.32	18.00	17.99	19.56	19.56	19.30	20.07	23.63	21.45
FlowSAC*:	20.82	20.42	18.03	17.97	17.60	19.51	17.74	19.75	21.38	21.65
0217 : temple_3/frame_0032.png
 Matches:	15.72	16.57	17.17	17.48	17.76	17.97	18.15	18.41	19.09	19.52
 Outlier:	12.24	14.98	17.00	17.91	18.76	19.49	20.09	21.08	23.76	25.29
EpicFlow:	19.40	19.48	19.67	19.62	19.27	19.13	19.84	19.89	20.74	21.54
 RicFlow:	20.00	20.32	21.22	22.02	21.70	21.34	21.78	22.20	22.97	23.75
 FlowSAC:	19.04	19.48	21.77	21.87	22.05	19.92	19.56	19.73	20.88	20.90
FlowSAC*:	18.99	19.48	18.69	20.06	19.67	19.68	19.20	18.84	19.96	20.81
0218 : temple_3/frame_0033.png
 Matches:	16.18	17.29	18.07	18.58	18.98	19.34	19.78	20.25	20.94	21.45
 Outlier:	12.45	15.71	18.13	19.64	20.85	21.99	23.54	25.13	27.30	28.80
EpicFlow:	5.63	5.30	5.34	5.60	6.08	5.99	6.30	6.86	7.43	7.96
 RicFlow:	6.54	6.95	7.08	7.20	7.63	8.31	8.41	8.73	9.11	9.80
 FlowSAC:	5.32	5.24	5.07	5.38	5.40	5.97	5.88	6.07	7.02	6.93
FlowSAC*:	5.31	5.03	4.94	5.23	5.21	5.60	5.82	5.65	6.32	6.53
0219 : temple_3/frame_0034.png
 Matches:	16.45	17.72	18.46	18.92	19.39	19.80	20.12	20.45	21.15	21.64
 Outlier:	12.78	15.98	18.25	19.83	21.45	22.86	23.91	25.00	27.27	28.79
EpicFlow:	7.24	6.54	6.77	6.82	6.72	6.78	7.78	7.95	8.69	9.60
 RicFlow:	9.98	9.96	10.11	10.06	9.38	9.41	9.45	9.48	12.09	12.64
 FlowSAC:	7.37	6.81	6.41	6.54	6.38	6.42	6.50	6.97	7.04	9.43
FlowSAC*:	7.19	6.78	6.54	6.68	6.54	6.53	6.52	8.25	6.99	6.93
0220 : temple_3/frame_0035.png
 Matches:	16.57	17.53	18.27	18.74	19.20	19.45	19.73	20.11	20.59	21.29
 Outlier:	14.72	17.43	19.84	21.32	22.75	23.48	24.33	25.57	27.03	29.28
EpicFlow:	10.29	10.52	11.41	12.85	13.39	13.43	14.99	14.16	12.55	12.68
 RicFlow:	12.57	15.02	15.78	15.51	15.08	15.96	15.76	16.24	16.31	17.40
 FlowSAC:	10.10	11.56	11.67	10.61	10.50	10.45	10.61	10.16	10.98	12.32
FlowSAC*:	9.96	13.79	10.37	10.64	10.51	10.26	10.59	10.02	11.55	11.33
0221 : temple_3/frame_0036.png
 Matches:	15.21	16.44	17.19	17.63	18.16	18.61	19.30	19.62	20.23	20.75
 Outlier:	12.95	16.65	19.07	20.55	22.18	23.67	26.09	27.16	28.93	30.48
EpicFlow:	10.45	10.57	9.83	10.51	10.32	10.16	11.31	11.72	11.86	12.78
 RicFlow:	11.29	11.16	11.93	14.66	13.39	14.74	15.05	15.02	17.70	17.44
 FlowSAC:	12.23	10.95	9.56	10.13	9.60	9.38	9.43	9.34	9.50	11.92
FlowSAC*:	12.05	10.80	9.42	9.48	9.30	9.25	9.48	9.73	9.41	11.86
0222 : temple_3/frame_0037.png
 Matches:	14.24	15.27	16.21	16.70	17.14	17.54	17.85	18.20	18.93	19.80
 Outlier:	12.97	16.59	20.06	21.73	23.23	24.67	25.78	27.02	29.62	32.32
EpicFlow:	16.08	16.54	24.45	25.05	25.43	26.51	30.68	29.94	29.67	30.64
 RicFlow:	20.18	23.57	23.69	24.05	24.05	24.26	24.61	25.44	26.49	28.25
 FlowSAC:	17.95	17.85	19.21	18.41	19.40	19.54	23.26	22.57	25.15	25.71
FlowSAC*:	17.42	17.28	18.33	18.85	18.74	18.85	23.14	22.41	24.47	24.10
0223 : temple_3/frame_0038.png
 Matches:	14.71	15.95	16.82	17.30	17.73	18.08	18.34	18.57	19.14	19.70
 Outlier:	17.69	20.85	23.20	24.59	25.85	26.74	27.58	28.31	30.10	31.87
EpicFlow:	16.69	16.67	20.24	19.99	19.34	21.98	21.59	21.35	21.89	21.64
 RicFlow:	13.03	14.47	20.10	20.34	20.95	20.60	20.35	19.94	20.87	21.63
 FlowSAC:	11.49	11.56	10.77	11.19	12.17	12.24	11.15	12.06	11.25	12.10
FlowSAC*:	11.26	11.63	10.63	11.13	12.04	14.30	11.36	11.87	11.23	11.51
0224 : temple_3/frame_0039.png
 Matches:	14.16	15.66	16.59	17.05	17.45	17.88	18.17	18.58	19.26	19.92
 Outlier:	22.79	26.42	29.03	30.24	31.30	32.51	33.33	34.52	36.34	38.19
EpicFlow:	9.44	9.17	10.18	10.20	10.39	10.98	11.43	11.25	11.30	11.61
 RicFlow:	10.71	12.01	11.43	12.10	12.36	12.56	12.88	13.06	13.19	13.68
 FlowSAC:	9.44	12.30	11.10	11.10	11.93	11.56	11.75	11.51	11.61	12.59
FlowSAC*:	9.44	11.41	11.12	11.24	11.43	11.19	11.14	11.51	12.05	12.37
0225 : temple_3/frame_0040.png
 Matches:	12.77	14.19	15.04	15.44	15.82	16.20	16.60	17.03	17.54	18.05
 Outlier:	24.25	27.91	29.82	31.06	32.19	33.32	34.66	36.11	37.55	39.08
EpicFlow:	12.92	15.17	13.54	13.22	13.74	13.74	14.23	12.85	13.29	14.16
 RicFlow:	14.39	10.97	10.22	10.34	10.44	11.18	11.24	11.46	11.61	12.15
 FlowSAC:	8.93	8.33	9.11	8.71	9.68	9.21	10.59	9.97	9.96	9.17
FlowSAC*:	8.98	8.43	9.22	8.68	9.29	8.56	9.46	8.59	8.91	9.10
0226 : temple_3/frame_0041.png
 Matches:	16.40	17.37	18.03	18.31	18.58	18.87	19.14	19.37	19.77	20.12
 Outlier:	16.79	18.94	20.59	21.28	22.00	22.81	23.68	24.47	25.64	26.67
EpicFlow:	6.09	6.15	6.29	6.40	6.51	6.63	7.00	8.97	9.04	10.12
 RicFlow:	6.41	7.75	7.92	7.83	7.60	7.39	7.68	7.86	7.45	7.96
 FlowSAC:	5.46	5.25	5.49	5.74	5.96	5.88	5.86	5.59	5.45	5.18
FlowSAC*:	5.46	5.13	5.35	5.79	5.94	5.56	5.84	5.99	5.63	5.54
0227 : temple_3/frame_0042.png
 Matches:	18.49	19.53	20.10	20.36	20.62	20.90	21.14	21.43	21.84	22.11
 Outlier:	15.12	17.49	19.10	19.77	20.53	21.32	22.01	22.84	23.94	24.77
EpicFlow:	5.00	5.13	5.30	5.41	5.62	5.66	5.91	6.22	6.56	6.85
 RicFlow:	10.96	11.99	13.08	13.16	13.25	13.45	13.45	13.82	13.92	14.18
 FlowSAC:	5.90	5.59	5.79	6.06	5.82	5.81	5.64	5.76	5.70	7.57
FlowSAC*:	4.78	4.86	4.75	4.82	5.25	4.83	4.56	4.82	5.23	5.01
0228 : temple_3/frame_0043.png
 Matches:	20.03	20.94	21.35	21.59	21.82	22.05	22.28	22.40	22.57	22.68
 Outlier:	12.97	15.42	16.59	17.33	17.97	18.61	19.32	19.62	20.06	20.33
EpicFlow:	4.75	4.68	4.88	4.91	5.18	5.15	5.60	5.67	5.52	5.89
 RicFlow:	4.46	4.71	4.94	5.19	5.28	5.32	5.32	5.44	5.58	6.07
 FlowSAC:	5.29	4.64	5.15	5.06	5.31	5.67	5.03	4.97	4.79	4.85
FlowSAC*:	4.54	4.93	4.72	4.41	4.83	4.76	4.61	4.78	4.88	4.66
0229 : temple_3/frame_0045.png
 Matches:	21.69	22.36	22.79	23.13	23.38	23.68	23.87	24.00	24.19	24.35
 Outlier:	11.58	13.13	14.21	15.15	15.78	16.47	17.02	17.35	17.90	18.35
EpicFlow:	4.42	3.98	4.00	4.04	4.05	4.12	4.22	4.09	4.25	4.43
 RicFlow:	4.17	4.25	4.23	4.34	4.24	4.32	4.65	4.60	4.61	4.54
 FlowSAC:	1.92	2.09	3.98	2.46	4.58	4.27	3.08	2.29	1.93	5.24
FlowSAC*:	1.90	2.05	1.74	2.00	4.24	2.55	1.72	1.76	1.73	1.96
0230 : temple_3/frame_0046.png
 Matches:	21.55	22.34	22.78	22.98	23.15	23.35	23.55	23.84	24.03	24.59
 Outlier:	11.15	12.76	13.78	14.17	14.64	15.26	15.78	16.65	17.27	18.91
EpicFlow:	3.80	3.03	3.22	3.13	3.08	3.17	4.06	5.53	3.72	5.97
 RicFlow:	4.62	3.44	3.73	3.29	3.31	3.38	3.40	3.39	3.74	3.87
 FlowSAC:	4.21	2.98	3.14	4.22	2.99	4.25	3.56	3.01	3.29	4.39
FlowSAC*:	4.20	2.98	3.14	4.07	2.80	3.18	3.05	2.93	3.30	2.98
0231 : temple_3/frame_0047.png
 Matches:	21.67	22.50	22.84	22.99	23.10	23.24	23.35	23.52	23.95	24.34
 Outlier:	9.17	11.14	12.01	12.35	12.62	12.98	13.29	13.81	15.06	16.24
EpicFlow:	2.75	3.27	3.66	3.78	3.92	4.11	4.28	4.51	5.81	5.83
 RicFlow:	2.50	3.81	3.92	3.97	3.98	4.01	4.18	4.21	4.21	4.31
 FlowSAC:	2.18	2.29	2.43	2.29	2.45	2.26	2.39	2.34	2.46	2.44
FlowSAC*:	2.03	2.06	2.08	2.14	2.23	2.06	2.17	2.14	2.30	2.21
mean:
 Matches:	16.32	17.27	17.95	18.37	18.77	19.17	19.51	19.81	20.33	20.81
 Outlier:	17.98	20.66	22.74	23.99	25.16	26.32	27.30	28.15	29.60	30.90
EpicFlow:	15.25	15.59	15.90	16.23	16.39	16.58	16.83	17.05	17.08	17.41
 RicFlow:	15.91	16.25	17.02	17.23	17.85	18.16	18.65	18.93	19.41	19.98
 FlowSAC:	14.17	14.00	14.07	14.24	14.36	14.28	14.64	14.54	14.83	14.73
FlowSAC*:	14.14	14.10	14.00	14.34	14.49	14.32	14.57	14.52	14.58	14.50
