0001 : ambush_2/frame_0001.png
 Matches:	17.63	23.78	29.37	32.69	35.36	37.43	38.80	39.79	41.18	42.08
 Outlier:	38.77	46.28	53.32	57.26	60.09	61.97	63.11	63.89	64.96	65.57
EpicFlow:	8.15	8.10	7.59	12.03	13.39	13.75	13.65	13.73	14.01	14.66
 RicFlow:	14.95	13.74	14.03	14.01	14.42	14.46	15.32	15.50	15.83	15.86
 FlowSAC:	7.43	7.08	7.39	7.14	7.21	7.29	8.47	10.86	7.91	7.70
FlowSAC*:	7.78	6.88	7.21	7.16	7.53	8.04	11.51	10.89	9.66	7.99
0002 : ambush_2/frame_0002.png
 Matches:	13.72	19.15	24.06	27.33	30.32	32.87	34.65	35.98	37.63	38.80
 Outlier:	50.99	57.15	63.35	66.86	69.68	71.76	73.00	73.81	74.86	75.52
EpicFlow:	15.04	17.24	18.46	18.93	19.29	19.31	19.42	20.65	21.02	22.36
 RicFlow:	15.35	17.32	20.82	22.54	23.56	24.74	25.23	26.06	26.37	27.56
 FlowSAC:	9.11	9.48	9.69	9.22	11.74	12.52	11.62	11.29	9.94	19.42
FlowSAC*:	8.93	10.39	9.43	9.25	11.84	10.87	11.73	10.04	10.75	12.56
0003 : ambush_2/frame_0003.png
 Matches:	11.65	16.99	22.17	25.42	28.16	30.48	32.09	33.25	34.93	36.08
 Outlier:	55.66	62.12	68.42	71.84	74.26	75.99	77.12	77.89	78.79	79.42
EpicFlow:	20.83	21.59	23.79	30.72	31.52	34.83	34.06	34.58	34.58	34.64
 RicFlow:	20.99	25.89	28.89	31.43	37.40	39.49	40.75	40.89	41.19	42.00
 FlowSAC:	10.91	11.09	10.55	11.33	14.15	10.74	12.55	13.02	11.12	10.75
FlowSAC*:	9.56	10.50	10.49	11.25	11.23	11.08	12.14	13.29	10.97	13.22
0004 : ambush_2/frame_0004.png
 Matches:	11.19	17.15	23.01	26.68	29.89	32.20	33.56	34.53	36.09	37.03
 Outlier:	64.48	68.81	73.69	76.17	78.11	79.44	80.14	80.58	81.25	81.63
EpicFlow:	16.34	18.64	21.90	24.38	27.08	28.17	30.50	32.02	32.98	32.71
 RicFlow:	20.15	21.05	24.14	24.97	27.03	27.17	27.81	28.61	29.33	29.86
 FlowSAC:	10.23	10.07	10.26	10.05	10.38	9.97	9.52	10.79	10.76	8.95
FlowSAC*:	10.15	10.45	10.86	11.23	10.85	10.94	9.91	10.78	11.12	9.37
0005 : ambush_2/frame_0005.png
 Matches:	9.81	15.54	21.65	25.87	29.47	32.18	34.13	35.56	37.50	38.91
 Outlier:	65.48	70.01	74.63	77.54	79.51	80.80	81.70	82.35	83.15	83.69
EpicFlow:	13.22	27.31	32.71	24.47	28.71	29.51	29.86	31.11	34.60	35.61
 RicFlow:	20.76	27.80	29.63	29.42	31.75	32.38	32.86	34.62	34.95	35.68
 FlowSAC:	11.30	10.99	11.51	11.26	12.16	13.54	13.62	13.57	12.59	13.58
FlowSAC*:	10.85	11.12	11.55	11.34	11.72	13.96	13.72	13.25	12.71	13.43
0006 : ambush_2/frame_0006.png
 Matches:	10.17	16.45	22.57	26.78	30.46	33.58	35.90	37.36	39.32	40.58
 Outlier:	65.76	71.08	75.47	78.17	80.32	81.94	82.92	83.56	84.33	84.77
EpicFlow:	20.30	17.13	26.58	25.34	22.53	25.09	26.84	29.38	28.58	28.58
 RicFlow:	26.47	29.09	33.73	35.61	36.95	38.36	38.93	39.74	40.55	40.99
 FlowSAC:	16.25	17.31	13.74	15.45	13.86	15.62	14.78	18.63	19.24	19.52
FlowSAC*:	16.38	17.13	13.71	18.08	13.81	18.94	15.52	17.71	18.86	18.98
0007 : ambush_2/frame_0007.png
 Matches:	10.09	15.74	21.50	25.01	28.10	30.92	32.93	34.70	37.42	39.49
 Outlier:	56.74	63.36	70.11	73.38	75.54	77.38	78.53	79.42	80.51	81.41
EpicFlow:	17.81	23.32	23.89	25.03	26.13	28.59	28.38	28.52	30.89	31.01
 RicFlow:	22.41	25.21	30.45	32.44	33.13	35.82	36.56	37.14	36.81	37.37
 FlowSAC:	11.98	11.66	13.14	12.58	18.16	13.69	19.12	19.02	20.17	23.28
FlowSAC*:	11.37	11.28	16.76	13.08	18.11	13.73	19.49	17.79	19.86	23.70
0008 : ambush_2/frame_0008.png
 Matches:	12.33	18.08	23.20	26.25	28.89	31.28	33.12	34.54	36.72	38.41
 Outlier:	45.38	53.23	60.38	63.96	66.75	68.69	70.16	71.25	72.67	73.64
EpicFlow:	19.23	18.34	18.70	19.17	20.52	20.48	20.68	21.04	21.14	21.85
 RicFlow:	19.18	18.94	20.44	20.90	21.70	22.59	23.95	23.88	24.54	24.66
 FlowSAC:	14.58	10.77	22.76	18.14	7.38	7.73	14.86	7.49	7.41	11.59
FlowSAC*:	8.31	10.73	22.63	21.07	7.08	7.62	20.86	7.48	7.38	10.79
0009 : ambush_2/frame_0009.png
 Matches:	12.40	17.67	22.58	25.88	28.92	31.82	33.76	35.29	37.38	38.87
 Outlier:	45.53	53.75	61.08	65.22	68.27	70.59	72.08	73.16	74.42	75.19
EpicFlow:	18.27	18.59	19.70	20.03	20.87	21.68	21.68	21.47	21.45	21.54
 RicFlow:	22.99	24.31	24.02	24.83	25.91	25.32	24.75	25.14	25.62	25.74
 FlowSAC:	19.84	14.27	14.47	17.37	17.49	20.57	12.84	21.08	19.28	18.04
FlowSAC*:	21.78	14.27	14.25	11.85	19.15	20.59	12.73	20.70	19.28	18.01
0010 : ambush_2/frame_0010.png
 Matches:	12.15	17.50	22.57	25.93	29.23	32.14	34.20	35.63	37.96	39.76
 Outlier:	46.59	55.09	62.71	66.83	70.16	72.49	73.99	74.90	76.22	77.14
EpicFlow:	22.27	23.68	23.33	22.88	23.15	23.36	23.08	23.04	24.08	24.22
 RicFlow:	24.52	26.24	26.19	25.79	25.97	26.16	25.56	25.82	26.07	27.14
 FlowSAC:	15.61	18.84	17.88	20.05	23.90	23.73	22.27	24.92	22.20	23.72
FlowSAC*:	15.80	20.48	17.00	20.77	23.81	23.86	22.18	25.07	22.03	23.28
0011 : ambush_2/frame_0011.png
 Matches:	13.32	18.97	24.61	28.22	31.37	34.04	35.93	37.38	39.39	40.75
 Outlier:	48.03	56.02	63.61	67.42	69.94	71.79	73.04	73.78	74.88	75.55
EpicFlow:	23.93	23.59	23.39	23.41	25.62	26.11	26.57	26.92	26.92	27.12
 RicFlow:	28.30	27.88	27.22	27.96	28.49	28.25	28.43	28.42	28.34	29.03
 FlowSAC:	25.11	23.41	23.98	25.16	27.57	23.94	24.22	26.30	26.60	25.75
FlowSAC*:	23.66	23.20	24.04	25.18	22.04	24.59	24.93	25.78	26.31	26.03
0012 : ambush_2/frame_0012.png
 Matches:	12.60	18.21	23.50	27.12	30.50	33.16	34.87	36.03	37.65	38.89
 Outlier:	47.47	56.28	64.28	68.41	71.31	73.15	74.29	75.02	75.95	76.67
EpicFlow:	34.07	35.54	36.77	35.36	36.96	40.89	36.24	35.49	37.15	38.63
 RicFlow:	35.31	35.05	37.28	38.64	39.96	40.08	40.67	40.68	42.20	40.97
 FlowSAC:	32.77	32.92	31.88	32.98	33.13	33.91	33.00	31.69	32.20	31.68
FlowSAC*:	32.74	33.09	31.81	33.19	32.95	33.13	31.83	31.86	31.73	31.82
0013 : ambush_2/frame_0013.png
 Matches:	10.83	15.29	19.82	23.05	25.98	28.42	30.23	31.43	32.81	33.84
 Outlier:	44.12	52.39	60.98	65.71	69.01	71.33	72.86	73.72	74.60	75.32
EpicFlow:	57.42	72.92	66.88	65.12	62.41	64.30	62.38	60.49	64.78	65.58
 RicFlow:	56.72	60.26	60.21	59.20	61.61	61.50	64.16	66.81	63.33	64.26
 FlowSAC:	54.04	54.22	54.97	54.00	55.21	54.51	53.23	53.21	55.08	54.04
FlowSAC*:	54.17	54.31	54.68	55.17	55.70	54.59	53.53	54.46	55.11	54.21
0014 : ambush_2/frame_0014.png
 Matches:	10.51	15.38	19.66	22.38	25.07	27.39	29.00	30.30	32.04	33.30
 Outlier:	41.92	49.10	57.00	61.46	64.88	67.06	68.63	69.74	71.11	72.02
EpicFlow:	64.46	63.00	58.65	60.57	76.05	76.05	71.21	72.45	72.65	74.20
 RicFlow:	65.66	66.59	65.60	67.97	80.71	89.21	86.68	87.18	86.11	89.95
 FlowSAC:	65.86	66.73	67.02	67.69	66.49	67.24	65.55	65.49	66.18	69.77
FlowSAC*:	65.91	65.42	68.01	69.24	66.37	67.24	65.52	65.64	66.28	67.12
0015 : ambush_2/frame_0015.png
 Matches:	9.26	14.35	19.33	22.33	25.02	27.33	29.19	30.79	33.12	34.78
 Outlier:	47.07	51.91	59.09	63.34	66.68	69.17	70.93	72.20	73.94	74.80
EpicFlow:	70.64	144.23	128.39	85.70	87.04	89.09	84.73	83.82	84.54	85.09
 RicFlow:	67.78	78.40	75.40	84.18	82.67	80.32	81.31	82.42	89.39	86.75
 FlowSAC:	65.34	67.14	67.95	71.16	67.82	67.68	70.52	68.92	68.85	71.63
FlowSAC*:	64.47	69.42	67.12	71.66	67.75	70.56	70.94	68.61	70.24	71.37
0016 : ambush_2/frame_0016.png
 Matches:	11.49	17.85	24.02	27.50	30.31	32.50	34.05	35.18	36.76	37.99
 Outlier:	45.67	51.90	59.52	63.44	66.22	68.04	69.34	70.25	71.17	71.87
EpicFlow:	21.76	44.99	43.70	44.63	44.49	61.18	46.62	54.46	60.17	63.58
 RicFlow:	42.44	43.41	46.16	45.17	46.00	45.68	47.21	48.54	48.48	47.86
 FlowSAC:	9.17	15.72	31.70	32.20	35.63	32.19	35.06	39.74	36.59	44.20
FlowSAC*:	9.16	15.68	31.25	32.20	36.10	39.54	35.52	37.91	36.59	43.39
0017 : ambush_2/frame_0017.png
 Matches:	15.62	23.64	30.16	33.27	35.45	36.85	37.77	38.61	40.26	41.30
 Outlier:	40.79	46.75	53.22	56.61	58.91	60.37	61.24	61.98	63.30	64.02
EpicFlow:	6.88	6.26	6.71	6.85	6.95	7.98	8.31	8.41	8.61	8.59
 RicFlow:	10.99	10.07	11.52	12.62	14.31	14.80	15.11	15.29	16.37	16.81
 FlowSAC:	2.64	3.11	2.67	2.86	4.75	4.29	5.87	4.47	2.93	3.30
FlowSAC*:	3.96	5.07	2.90	2.86	4.75	4.15	5.87	4.47	3.26	4.54
0018 : ambush_2/frame_0018.png
 Matches:	19.59	26.69	32.09	35.10	37.47	39.19	40.21	41.07	42.40	43.59
 Outlier:	28.82	35.06	41.87	45.79	48.79	50.86	51.92	52.81	53.93	54.73
EpicFlow:	5.16	12.75	14.51	15.53	15.87	15.56	15.78	15.96	16.14	16.20
 RicFlow:	9.22	11.01	13.06	17.67	18.00	18.51	17.08	18.94	19.33	19.06
 FlowSAC:	2.55	2.78	2.66	2.80	3.08	3.04	3.19	3.40	4.18	3.81
FlowSAC*:	2.54	2.67	2.43	2.85	2.86	3.17	3.20	3.40	4.12	3.55
0019 : ambush_2/frame_0019.png
 Matches:	14.84	23.03	30.05	33.50	36.10	37.93	39.16	40.26	42.16	43.48
 Outlier:	42.27	47.33	53.81	57.32	60.08	61.85	62.87	63.80	65.12	65.84
EpicFlow:	7.39	9.50	13.68	15.41	16.18	16.75	17.05	17.15	17.74	17.87
 RicFlow:	14.69	15.41	21.13	21.19	21.24	21.64	22.50	21.60	21.37	21.73
 FlowSAC:	4.53	4.42	4.36	4.61	5.21	4.34	5.01	7.14	5.50	5.26
FlowSAC*:	4.56	4.42	4.54	4.61	5.22	4.37	5.92	4.76	5.48	5.25
0020 : ambush_2/frame_0020.png
 Matches:	8.27	13.80	19.69	23.56	26.68	28.93	30.34	31.26	32.57	33.80
 Outlier:	62.96	65.60	69.34	71.96	74.17	75.86	76.92	77.60	78.48	79.18
EpicFlow:	16.71	15.26	14.32	14.51	18.61	21.52	22.35	22.27	23.57	24.57
 RicFlow:	23.83	24.44	28.31	28.88	30.46	31.48	31.94	32.61	33.29	33.44
 FlowSAC:	7.70	7.44	6.92	6.54	6.80	7.39	7.32	7.59	6.85	7.11
FlowSAC*:	7.44	7.44	7.23	6.66	6.98	6.17	7.33	7.60	6.68	7.20
0021 : ambush_4/frame_0001.png
 Matches:	24.85	29.13	32.85	35.26	37.60	39.36	40.46	41.26	42.13	42.78
 Outlier:	11.28	18.09	25.24	29.72	33.60	36.27	37.88	39.01	40.16	41.04
EpicFlow:	5.88	4.97	4.95	5.09	4.97	5.09	5.12	5.17	5.16	5.17
 RicFlow:	7.91	10.00	10.51	10.48	10.84	11.77	11.87	11.93	12.76	13.34
 FlowSAC:	5.63	4.82	2.92	6.09	4.85	3.84	4.16	3.82	4.79	4.56
FlowSAC*:	8.63	5.70	4.60	6.09	4.85	3.84	4.16	3.82	6.83	4.56
0022 : ambush_4/frame_0002.png
 Matches:	26.28	30.99	35.34	38.22	40.77	42.82	44.17	45.07	45.81	46.44
 Outlier:	12.95	20.13	28.04	32.67	36.29	39.03	40.72	41.87	42.80	43.53
EpicFlow:	5.08	4.96	4.80	4.72	4.69	4.69	4.67	4.96	4.97	5.21
 RicFlow:	7.93	11.08	11.19	11.44	11.80	12.68	13.06	13.39	13.37	13.57
 FlowSAC:	3.58	4.87	5.03	4.84	4.15	3.74	4.24	4.87	5.74	4.31
FlowSAC*:	4.61	4.67	4.96	4.83	4.15	3.74	5.02	6.33	5.55	4.31
0023 : ambush_4/frame_0003.png
 Matches:	8.33	9.10	9.81	10.34	10.78	11.36	11.94	12.43	13.67	14.67
 Outlier:	5.56	9.96	15.44	18.99	22.05	25.80	29.42	32.19	38.28	42.46
EpicFlow:	6.54	218.34	226.09	228.40	296.89	341.54	384.61	355.93	369.55	411.87
 RicFlow:	85.77	273.15	142.64	200.55	265.86	324.47	334.31	337.36	338.36	335.25
 FlowSAC:	6.53	6.99	11.44	23.79	7.70	5.39	23.90	7.71	184.26	193.99
FlowSAC*:	8.33	6.99	11.44	23.79	7.70	5.48	17.46	7.71	184.26	190.08
0024 : ambush_4/frame_0004.png
 Matches:	2.78	4.41	6.64	8.37	10.07	11.60	12.91	14.01	15.74	17.63
 Outlier:	61.52	74.23	82.56	85.92	88.19	89.66	90.62	91.36	92.29	93.10
EpicFlow:	63.37	64.81	103.34	91.67	96.17	122.29	131.86	157.03	155.00	151.89
 RicFlow:	97.14	89.27	93.53	125.18	140.62	142.74	156.87	162.57	162.09	186.05
 FlowSAC:	80.12	82.37	82.39	82.73	82.67	86.83	83.09	82.76	89.43	87.95
FlowSAC*:	80.12	82.38	82.34	82.56	83.24	86.83	82.87	82.10	88.62	84.31
0025 : ambush_4/frame_0005.png
 Matches:	3.09	5.40	8.59	11.40	14.39	17.20	19.40	21.13	23.59	25.54
 Outlier:	77.22	85.82	90.54	92.65	93.89	94.58	94.98	95.27	95.73	96.05
EpicFlow:	113.03	87.10	75.37	88.91	96.36	93.46	96.32	95.87	96.84	96.06
 RicFlow:	70.50	77.36	82.17	84.88	87.03	89.67	92.29	92.87	90.51	91.64
 FlowSAC:	92.02	93.61	91.35	103.00	105.24	92.86	96.40	99.39	86.94	99.02
FlowSAC*:	92.15	93.78	91.72	101.77	100.59	100.15	105.39	104.56	86.57	102.54
0026 : ambush_4/frame_0006.png
 Matches:	7.19	10.65	14.81	18.07	21.22	24.10	26.08	27.87	30.44	32.39
 Outlier:	51.40	62.70	71.39	75.80	78.76	80.87	82.09	83.08	84.43	85.18
EpicFlow:	43.30	45.42	48.73	58.17	54.96	57.00	59.65	59.02	59.05	58.94
 RicFlow:	43.19	42.62	45.83	45.41	49.77	51.73	51.59	51.27	51.57	51.10
 FlowSAC:	47.34	44.48	38.83	41.97	40.52	38.93	42.07	42.15	42.41	41.83
FlowSAC*:	47.94	43.95	38.72	42.19	41.16	38.31	43.47	41.86	42.24	41.51
0027 : ambush_4/frame_0007.png
 Matches:	9.88	13.56	17.09	19.67	22.15	24.21	25.83	27.15	29.39	30.94
 Outlier:	30.28	40.62	50.39	56.03	60.42	63.36	65.34	66.85	69.27	70.73
EpicFlow:	49.26	57.00	61.03	61.74	60.81	61.67	63.00	59.27	59.89	58.86
 RicFlow:	61.89	58.98	71.31	68.71	65.79	64.29	63.81	64.55	68.33	67.86
 FlowSAC:	59.91	56.21	53.49	59.43	55.31	53.51	53.43	56.61	55.73	58.90
FlowSAC*:	60.69	56.86	54.33	59.81	57.10	53.51	55.43	57.32	56.17	58.12
0028 : ambush_4/frame_0008.png
 Matches:	11.33	14.62	18.03	20.59	23.21	25.57	27.36	28.84	31.12	33.05
 Outlier:	25.55	37.01	47.51	53.55	58.50	62.03	64.37	66.11	68.49	70.26
EpicFlow:	33.08	34.73	36.05	37.79	38.34	37.45	38.50	39.32	40.35	41.16
 RicFlow:	36.44	37.63	41.19	40.53	41.70	43.87	45.88	46.04	45.26	48.10
 FlowSAC:	32.29	35.85	38.21	33.72	34.67	32.08	37.31	35.54	34.99	36.79
FlowSAC*:	32.71	35.77	37.31	34.35	34.96	31.61	36.43	37.66	34.78	36.47
0029 : ambush_4/frame_0009.png
 Matches:	14.49	18.77	22.53	25.10	27.53	29.62	31.29	32.69	34.64	36.03
 Outlier:	25.07	34.53	43.07	47.84	51.72	54.49	56.60	58.14	60.35	61.74
EpicFlow:	21.02	18.56	17.36	18.33	18.85	19.36	20.94	21.25	21.99	21.76
 RicFlow:	18.67	19.72	19.75	19.10	20.21	20.22	19.34	23.48	25.01	25.82
 FlowSAC:	21.32	18.20	19.67	21.17	21.73	19.99	21.44	20.43	19.58	18.99
FlowSAC*:	23.88	18.12	20.34	20.80	21.43	20.51	22.44	21.49	20.45	20.10
0030 : ambush_4/frame_0010.png
 Matches:	19.61	23.23	26.47	28.59	30.56	32.29	33.49	34.46	35.84	36.71
 Outlier:	17.14	25.44	32.86	37.08	40.58	43.32	45.11	46.55	48.48	49.63
EpicFlow:	25.78	29.12	23.18	20.86	21.69	21.97	23.32	22.47	21.14	22.55
 RicFlow:	15.63	18.60	20.37	20.95	19.48	18.92	19.88	20.96	20.80	20.77
 FlowSAC:	21.25	22.28	23.71	19.72	22.73	21.48	33.18	22.57	21.47	23.25
FlowSAC*:	21.26	22.10	24.18	19.83	22.63	22.00	23.49	22.56	21.82	23.11
0031 : ambush_4/frame_0011.png
 Matches:	21.74	25.89	29.52	31.98	34.24	36.07	37.53	38.48	39.66	40.68
 Outlier:	18.61	26.48	33.72	37.89	41.30	43.77	45.70	46.90	48.15	49.29
EpicFlow:	13.61	12.19	12.46	12.56	12.27	12.61	12.83	12.76	12.40	13.23
 RicFlow:	14.09	16.00	14.19	14.23	13.49	13.24	12.96	13.27	13.23	13.38
 FlowSAC:	12.71	11.42	13.56	13.30	11.85	12.93	12.46	12.40	12.49	11.64
FlowSAC*:	11.85	11.84	13.00	12.70	11.89	12.94	11.50	12.27	13.01	11.65
0032 : ambush_4/frame_0012.png
 Matches:	22.02	26.43	30.21	32.99	35.42	37.36	38.71	39.88	41.69	42.88
 Outlier:	18.13	25.51	32.63	37.46	41.23	43.84	45.59	46.98	48.96	50.24
EpicFlow:	11.38	12.54	13.51	14.10	13.93	14.06	14.46	14.50	15.16	15.51
 RicFlow:	15.07	15.13	15.40	15.69	15.55	15.99	16.47	16.46	16.92	17.12
 FlowSAC:	13.43	12.83	14.15	13.80	11.99	12.92	13.25	12.49	12.94	13.84
FlowSAC*:	13.30	12.37	14.62	13.82	11.93	12.45	12.99	12.44	13.79	13.41
0033 : ambush_4/frame_0013.png
 Matches:	19.79	24.29	27.76	30.15	32.70	35.09	36.81	38.18	40.19	41.77
 Outlier:	14.89	22.17	29.22	33.89	38.36	42.15	44.70	46.59	49.01	50.69
EpicFlow:	9.80	9.84	9.90	10.03	10.15	10.09	10.64	11.06	11.59	12.04
 RicFlow:	10.42	9.58	9.47	10.03	11.02	12.01	12.19	13.23	13.62	13.87
 FlowSAC:	9.43	9.45	13.34	16.37	9.54	11.85	9.39	9.37	9.98	9.68
FlowSAC*:	9.33	9.88	13.17	17.77	9.16	12.70	9.44	9.39	9.80	9.78
0034 : ambush_4/frame_0014.png
 Matches:	22.23	27.73	31.93	34.40	36.60	38.48	39.96	41.29	42.93	44.00
 Outlier:	20.31	28.18	35.08	39.03	42.23	44.76	46.61	48.16	50.01	51.15
EpicFlow:	5.99	6.11	6.10	6.32	6.74	7.13	7.37	7.56	7.43	7.51
 RicFlow:	6.05	6.69	7.03	7.11	7.11	7.28	7.32	7.76	8.01	8.46
 FlowSAC:	5.98	5.53	5.87	5.59	5.88	5.56	5.60	5.90	6.77	5.85
FlowSAC*:	5.48	5.67	5.85	5.42	5.86	5.98	6.07	6.07	5.90	5.72
0035 : ambush_4/frame_0015.png
 Matches:	23.38	28.38	32.73	35.40	37.83	39.86	41.28	42.40	44.05	44.98
 Outlier:	17.17	24.67	32.07	36.20	39.39	41.90	43.62	44.94	46.81	47.77
EpicFlow:	7.00	8.05	7.73	7.31	6.77	7.01	7.06	7.18	7.30	7.55
 RicFlow:	6.61	6.99	7.93	8.06	8.09	8.24	7.83	8.11	8.27	8.80
 FlowSAC:	7.43	6.86	6.55	6.45	7.05	7.03	6.40	7.16	6.73	7.37
FlowSAC*:	7.27	6.98	6.31	6.37	7.24	6.95	6.60	6.92	6.20	7.40
0036 : ambush_4/frame_0016.png
 Matches:	21.07	25.58	29.56	32.33	35.08	37.11	38.56	39.63	41.20	42.38
 Outlier:	16.96	24.91	32.61	37.26	41.38	44.11	45.98	47.28	49.08	50.33
EpicFlow:	13.52	8.81	9.39	10.08	10.86	10.69	10.61	10.77	13.69	14.28
 RicFlow:	12.59	12.31	11.35	11.41	10.63	12.37	12.28	12.78	18.75	19.24
 FlowSAC:	12.74	11.76	9.39	11.81	11.51	11.64	13.53	11.43	12.02	12.94
FlowSAC*:	12.58	11.65	9.54	11.74	12.58	10.49	13.27	13.40	11.14	13.03
0037 : ambush_4/frame_0017.png
 Matches:	23.24	28.53	32.97	35.71	38.13	39.92	41.26	42.30	43.81	44.62
 Outlier:	19.06	26.98	34.42	38.78	42.18	44.45	45.99	47.16	48.42	49.19
EpicFlow:	9.92	9.70	8.91	9.23	9.37	10.13	9.83	10.19	10.43	10.59
 RicFlow:	8.17	9.00	8.90	9.55	9.13	10.96	11.17	11.70	11.53	11.76
 FlowSAC:	11.27	11.20	11.85	11.25	11.54	12.34	12.34	12.16	9.83	11.71
FlowSAC*:	11.32	11.09	11.83	11.67	11.24	10.91	12.18	11.76	10.13	11.74
0038 : ambush_4/frame_0018.png
 Matches:	25.38	31.17	36.10	39.16	41.78	43.77	45.15	46.04	47.19	47.71
 Outlier:	18.78	27.02	34.50	38.68	41.75	43.94	45.40	46.33	47.47	47.98
EpicFlow:	6.16	6.51	5.81	5.94	6.00	6.28	6.56	6.73	6.80	6.83
 RicFlow:	6.76	6.28	5.78	6.16	6.14	6.24	6.48	6.98	7.14	7.12
 FlowSAC:	6.39	6.33	6.40	6.87	5.69	6.02	5.62	6.00	5.68	5.98
FlowSAC*:	6.22	6.13	6.25	6.63	5.55	6.13	6.18	5.83	5.71	5.70
0039 : ambush_4/frame_0019.png
 Matches:	27.38	33.99	39.30	42.29	44.62	46.21	47.13	47.72	48.45	48.99
 Outlier:	19.65	26.66	33.59	37.35	40.03	41.82	42.83	43.47	44.20	44.69
EpicFlow:	3.96	3.94	4.26	4.46	4.69	4.90	5.02	5.15	5.20	5.30
 RicFlow:	4.11	4.52	4.77	4.96	4.96	5.22	5.18	5.29	4.97	5.37
 FlowSAC:	4.47	3.97	4.29	5.27	4.83	5.26	4.24	4.79	5.18	5.24
FlowSAC*:	4.48	4.99	4.16	5.18	4.74	5.33	4.23	4.58	4.66	5.23
0040 : ambush_4/frame_0020.png
 Matches:	22.00	29.11	33.98	36.50	38.55	40.13	41.33	42.40	43.72	44.35
 Outlier:	22.45	29.00	34.94	38.32	41.04	43.06	44.29	45.33	46.55	47.08
EpicFlow:	4.00	4.29	4.27	4.31	4.47	4.77	5.12	5.65	5.70	5.77
 RicFlow:	4.11	4.76	5.12	5.20	5.38	5.81	6.05	5.84	6.51	6.75
 FlowSAC:	4.74	4.38	4.79	3.98	3.91	3.96	3.91	3.82	4.25	3.87
FlowSAC*:	4.47	4.14	4.76	5.20	4.43	4.00	4.06	4.36	4.21	4.66
0041 : ambush_4/frame_0021.png
 Matches:	18.33	25.15	30.03	32.53	34.50	36.10	37.16	38.06	39.68	40.76
 Outlier:	23.94	31.15	38.51	42.33	45.12	47.14	48.31	49.31	51.06	52.06
EpicFlow:	5.02	4.88	5.55	6.16	6.39	6.80	6.65	6.58	6.30	6.62
 RicFlow:	5.47	5.39	6.02	6.26	6.83	6.88	7.17	7.09	7.29	7.55
 FlowSAC:	5.04	4.58	5.15	4.83	5.02	4.97	4.79	5.35	5.16	5.32
FlowSAC*:	5.15	4.47	4.91	4.76	4.93	4.94	4.74	5.20	4.93	4.73
0042 : ambush_4/frame_0022.png
 Matches:	22.25	29.61	34.84	37.44	39.60	41.21	42.32	43.20	44.49	45.31
 Outlier:	21.89	29.49	36.55	40.21	43.01	44.77	45.99	46.83	48.04	48.71
EpicFlow:	5.07	5.83	6.38	6.61	6.91	6.89	6.86	6.82	6.95	6.96
 RicFlow:	6.39	6.94	8.14	7.91	8.08	8.20	8.12	8.09	8.25	8.49
 FlowSAC:	2.71	2.71	2.82	2.96	3.93	4.03	2.99	2.90	3.62	3.94
FlowSAC*:	2.69	2.72	2.87	2.89	4.03	4.00	2.79	3.02	2.92	3.97
0043 : ambush_4/frame_0023.png
 Matches:	32.02	38.07	41.97	43.79	45.24	46.33	47.08	47.71	48.62	48.98
 Outlier:	10.44	16.33	21.63	24.23	26.25	27.71	28.71	29.54	30.60	31.06
EpicFlow:	4.70	4.98	4.92	5.04	5.13	5.09	5.21	5.30	5.38	5.37
 RicFlow:	4.79	4.92	5.10	5.17	5.08	4.94	5.12	5.29	5.45	5.29
 FlowSAC:	5.11	4.86	5.03	4.96	5.45	5.12	5.28	5.13	5.51	5.40
FlowSAC*:	5.46	4.80	5.08	5.14	5.48	5.19	5.25	4.76	5.43	5.38
0044 : ambush_4/frame_0024.png
 Matches:	29.20	35.52	40.61	43.17	45.09	46.66	47.84	48.40	48.96	49.14
 Outlier:	13.98	21.07	27.74	30.89	33.24	35.07	36.47	37.15	37.77	37.95
EpicFlow:	4.05	4.04	4.06	4.16	4.22	4.31	4.45	4.48	4.50	4.47
 RicFlow:	4.39	4.38	4.59	4.50	4.63	4.56	4.79	4.80	4.72	4.79
 FlowSAC:	4.10	4.00	3.92	3.74	3.65	4.26	3.90	4.07	3.90	3.94
FlowSAC*:	4.14	4.03	3.90	3.88	3.58	4.11	3.78	4.23	3.92	3.93
0045 : ambush_4/frame_0025.png
 Matches:	25.62	31.80	36.54	39.13	41.43	43.40	44.68	45.57	46.55	47.03
 Outlier:	16.92	24.09	30.86	34.59	37.55	39.74	41.04	41.89	42.95	43.34
EpicFlow:	2.77	3.01	3.83	4.39	4.31	4.57	4.60	4.61	4.63	4.69
 RicFlow:	3.00	3.63	3.91	5.13	5.36	5.27	5.30	5.26	5.26	5.36
 FlowSAC:	2.35	2.70	2.91	3.28	3.11	2.66	2.41	4.53	4.23	3.53
FlowSAC*:	2.56	2.69	3.08	2.68	3.22	2.78	2.63	3.35	2.79	3.37
0046 : ambush_4/frame_0026.png
 Matches:	21.48	26.69	30.90	33.22	35.24	36.97	38.17	39.17	40.35	41.01
 Outlier:	15.69	23.33	30.74	34.52	37.56	39.98	41.47	42.62	43.92	44.56
EpicFlow:	7.06	9.86	10.83	12.76	14.46	14.34	14.01	14.90	16.82	15.91
 RicFlow:	10.17	11.10	12.56	12.17	13.69	14.18	14.73	14.54	18.97	16.60
 FlowSAC:	7.69	8.03	8.21	7.92	8.10	7.49	8.20	7.98	8.39	8.07
FlowSAC*:	7.81	8.26	7.98	7.98	8.11	7.45	8.14	7.75	7.97	8.00
0047 : ambush_4/frame_0027.png
 Matches:	20.13	25.16	29.11	31.62	33.90	35.79	36.99	37.74	38.60	39.52
 Outlier:	17.29	24.78	31.89	36.39	40.07	42.79	44.25	45.07	46.08	47.24
EpicFlow:	21.78	27.45	26.41	25.83	23.79	23.69	26.43	26.79	26.94	30.78
 RicFlow:	22.01	22.14	26.92	27.75	29.27	29.27	30.27	29.64	31.00	31.72
 FlowSAC:	22.20	22.07	22.16	22.43	22.00	21.53	22.09	22.51	21.55	21.29
FlowSAC*:	22.18	22.07	21.92	22.11	22.10	21.44	21.78	22.38	21.35	21.01
0048 : ambush_4/frame_0028.png
 Matches:	20.36	25.33	29.69	32.29	34.45	35.93	36.69	37.26	38.10	38.66
 Outlier:	17.37	25.31	33.04	37.11	40.30	42.44	43.55	44.35	45.37	46.05
EpicFlow:	33.18	32.31	31.70	30.97	30.15	29.08	28.71	38.70	38.82	31.85
 RicFlow:	34.21	34.25	35.73	36.50	34.06	32.32	32.93	32.96	33.61	32.02
 FlowSAC:	33.54	33.43	24.74	33.77	27.31	33.29	33.81	36.48	25.33	32.46
FlowSAC*:	34.10	33.43	24.79	33.67	33.28	33.11	33.41	36.04	32.22	33.24
0049 : ambush_4/frame_0029.png
 Matches:	19.26	24.04	28.07	30.71	32.94	34.91	36.34	37.42	38.83	39.76
 Outlier:	17.40	25.19	32.85	37.28	40.68	43.39	45.25	46.68	48.38	49.53
EpicFlow:	20.15	17.07	17.58	17.52	17.21	17.54	17.01	17.60	18.53	17.80
 RicFlow:	21.20	19.60	18.84	18.70	21.84	21.56	22.05	22.14	22.33	22.29
 FlowSAC:	21.92	22.43	22.35	22.86	22.86	22.51	22.80	22.81	22.74	22.28
FlowSAC*:	21.95	22.18	21.69	22.19	22.79	22.47	22.75	22.77	22.78	22.17
0050 : ambush_4/frame_0030.png
 Matches:	19.44	24.13	28.38	31.08	33.77	35.90	37.41	38.68	40.72	41.91
 Outlier:	18.06	27.10	35.63	40.12	44.06	46.88	48.82	50.36	52.64	53.84
EpicFlow:	14.29	14.51	19.64	20.17	20.50	20.04	20.53	19.22	19.07	18.91
 RicFlow:	15.53	14.30	16.09	17.34	17.48	16.55	17.29	16.90	19.11	18.55
 FlowSAC:	14.03	14.25	14.94	14.54	14.61	14.46	11.78	12.54	10.93	12.25
FlowSAC*:	13.98	14.06	14.80	14.41	14.73	14.43	11.34	12.88	10.84	12.01
0051 : ambush_4/frame_0031.png
 Matches:	21.33	26.82	31.50	34.27	37.02	39.47	41.15	42.28	43.63	44.78
 Outlier:	20.70	29.47	37.36	41.50	45.21	48.19	50.07	51.26	52.62	53.78
EpicFlow:	8.95	8.35	8.48	9.55	10.21	10.21	10.34	10.59	10.50	11.33
 RicFlow:	8.73	8.30	8.06	8.31	9.00	9.49	9.93	10.22	10.56	10.87
 FlowSAC:	8.69	9.14	10.44	9.05	8.38	9.57	9.69	7.49	9.20	8.10
FlowSAC*:	8.63	12.62	10.97	9.03	8.30	7.55	8.88	8.49	9.07	8.03
0052 : ambush_4/frame_0032.png
 Matches:	25.66	31.99	37.10	39.99	42.34	44.09	45.15	45.98	46.99	47.40
 Outlier:	18.52	26.63	33.89	37.60	40.39	42.31	43.34	44.03	44.98	45.42
EpicFlow:	4.52	4.47	4.45	4.33	4.36	4.37	4.38	4.63	5.05	5.20
 RicFlow:	4.58	4.60	4.72	5.03	5.12	5.20	5.11	5.04	5.38	5.51
 FlowSAC:	4.15	4.44	4.28	4.21	3.90	4.04	4.45	3.64	4.15	4.10
FlowSAC*:	4.09	4.48	4.30	4.37	3.92	4.03	4.41	3.61	3.62	4.20
0053 : ambush_5/frame_0023.png
 Matches:	33.90	37.98	40.52	41.80	42.82	43.72	44.34	44.88	45.58	46.32
 Outlier:	10.95	15.47	19.39	21.45	22.98	24.36	25.32	26.15	27.22	28.16
EpicFlow:	4.21	4.62	5.46	5.47	5.57	5.39	5.47	5.51	5.70	5.82
 RicFlow:	4.32	5.18	5.40	6.06	6.03	5.72	5.85	6.00	6.07	6.33
 FlowSAC:	4.75	4.55	4.41	3.84	4.45	3.95	3.79	4.06	4.01	4.54
FlowSAC*:	3.76	3.86	4.47	4.33	5.04	4.62	4.75	4.94	4.55	4.61
0054 : ambush_5/frame_0028.png
 Matches:	32.89	37.40	40.12	41.48	42.54	43.49	44.20	44.73	45.64	46.38
 Outlier:	12.41	16.48	20.20	22.32	23.92	25.39	26.39	27.19	28.54	29.57
EpicFlow:	3.01	3.20	3.74	3.81	3.68	3.70	3.73	3.75	3.79	3.89
 RicFlow:	3.43	3.35	3.42	3.30	3.35	3.51	3.54	3.53	3.74	3.80
 FlowSAC:	3.52	3.61	3.32	3.57	3.74	3.52	3.63	3.16	3.63	3.61
FlowSAC*:	3.08	3.25	3.66	3.17	3.61	3.48	3.53	3.10	3.62	3.65
0055 : ambush_5/frame_0029.png
 Matches:	30.37	35.14	38.43	40.01	41.22	41.99	42.68	43.23	44.09	44.74
 Outlier:	15.65	20.64	24.91	27.30	29.13	30.32	31.41	32.23	33.44	34.32
EpicFlow:	3.62	3.77	4.66	5.65	6.02	6.08	6.21	6.40	6.85	7.25
 RicFlow:	3.46	3.59	3.78	3.71	3.98	4.36	5.58	6.10	6.27	7.18
 FlowSAC:	3.69	3.87	3.98	4.16	4.20	4.25	4.83	4.64	4.51	4.37
FlowSAC*:	3.47	3.80	3.85	4.07	4.27	4.07	4.80	4.64	4.08	4.38
0056 : ambush_5/frame_0030.png
 Matches:	29.90	34.67	38.08	39.62	40.75	41.55	42.02	42.55	43.35	44.04
 Outlier:	16.80	22.09	26.67	28.88	30.48	31.67	32.38	33.18	34.38	35.36
EpicFlow:	5.92	5.64	5.60	5.98	6.13	6.41	7.17	7.35	7.78	8.05
 RicFlow:	5.30	6.31	6.20	7.06	6.40	6.73	6.51	6.09	7.71	8.17
 FlowSAC:	5.93	5.40	5.55	5.56	5.92	5.48	6.03	5.87	6.13	5.91
FlowSAC*:	5.91	5.20	5.54	5.56	6.15	5.61	6.06	5.79	6.09	5.96
0057 : ambush_5/frame_0031.png
 Matches:	28.27	33.12	36.69	38.59	40.12	41.10	41.81	42.36	42.90	43.13
 Outlier:	19.44	25.10	30.20	32.85	34.88	36.23	37.15	37.89	38.60	38.91
EpicFlow:	9.19	9.53	10.07	11.00	11.55	12.59	12.98	11.96	14.69	12.20
 RicFlow:	10.95	9.27	14.74	15.64	15.19	15.64	17.59	17.92	21.22	20.99
 FlowSAC:	9.63	9.75	10.66	9.61	10.63	11.11	18.23	17.98	11.14	10.80
FlowSAC*:	9.61	9.64	10.73	9.87	10.69	11.05	18.96	18.69	11.30	10.48
0058 : ambush_5/frame_0032.png
 Matches:	24.47	29.24	33.28	35.22	36.96	38.65	39.66	40.44	41.72	42.60
 Outlier:	20.46	27.69	34.15	37.20	39.76	41.73	43.04	44.02	45.52	46.59
EpicFlow:	10.67	15.30	15.17	15.17	15.17	15.37	15.67	16.06	16.50	16.85
 RicFlow:	14.14	14.53	15.03	14.97	14.92	14.85	14.88	15.20	15.57	15.52
 FlowSAC:	9.06	9.03	8.87	14.65	15.29	16.23	15.77	14.95	14.89	15.47
FlowSAC*:	9.46	16.00	14.82	14.83	15.50	15.93	15.36	14.98	14.85	15.22
0059 : ambush_5/frame_0033.png
 Matches:	23.34	28.18	33.02	35.88	38.33	40.09	41.34	42.29	43.84	44.81
 Outlier:	20.62	28.67	36.48	40.60	43.81	45.98	47.40	48.52	50.24	51.21
EpicFlow:	6.68	6.37	6.59	6.95	7.78	8.14	8.31	8.25	8.59	8.74
 RicFlow:	6.26	6.31	6.97	7.57	8.35	8.70	8.97	8.93	8.49	8.82
 FlowSAC:	7.72	7.76	6.43	7.80	6.52	7.35	7.64	6.57	7.08	6.47
FlowSAC*:	8.55	7.51	6.36	6.26	6.46	7.23	7.71	6.52	6.92	6.71
0060 : ambush_5/frame_0034.png
 Matches:	22.39	27.39	32.23	35.40	38.08	40.17	41.46	42.34	43.59	45.01
 Outlier:	21.80	29.24	36.77	41.31	44.78	47.37	48.87	49.81	51.04	52.41
EpicFlow:	6.78	7.27	6.51	6.57	6.78	7.12	7.10	7.23	7.24	7.62
 RicFlow:	7.06	6.77	6.80	6.92	7.22	7.48	7.73	7.59	8.42	8.34
 FlowSAC:	8.47	8.48	6.87	7.83	6.35	7.68	8.67	8.04	7.54	7.66
FlowSAC*:	8.47	7.83	8.13	7.86	7.12	7.67	8.71	7.99	7.76	7.71
0061 : ambush_5/frame_0035.png
 Matches:	22.95	27.72	32.04	34.62	37.07	39.38	40.89	42.13	43.74	44.89
 Outlier:	17.66	24.57	32.13	36.43	40.18	43.31	45.28	46.84	48.73	49.99
EpicFlow:	7.75	7.12	7.54	7.68	7.79	8.23	8.47	8.75	9.50	10.24
 RicFlow:	7.18	6.42	7.83	7.97	7.88	7.94	7.95	8.39	8.80	9.23
 FlowSAC:	9.95	13.72	12.28	13.72	10.98	5.85	11.59	11.75	17.20	12.12
FlowSAC*:	9.94	13.92	11.97	12.59	5.33	6.20	6.89	11.72	13.05	15.87
0062 : ambush_5/frame_0036.png
 Matches:	19.30	24.51	29.18	32.05	34.88	37.11	38.79	40.32	42.54	43.88
 Outlier:	25.01	32.09	39.46	43.73	47.62	50.46	52.44	54.13	56.41	57.63
EpicFlow:	6.51	7.44	7.59	7.69	7.90	8.28	8.56	8.76	9.55	11.29
 RicFlow:	7.35	8.10	8.55	8.69	9.09	9.02	9.48	9.98	10.01	10.49
 FlowSAC:	27.41	26.78	22.96	24.89	24.15	24.60	30.75	25.95	26.44	19.55
FlowSAC*:	27.36	26.68	22.93	24.79	23.77	24.29	31.23	27.40	22.61	19.65
0063 : ambush_5/frame_0037.png
 Matches:	19.05	24.21	28.58	31.15	33.45	35.92	37.68	38.94	40.40	41.60
 Outlier:	28.82	35.75	42.24	46.07	49.12	52.34	54.43	55.75	57.25	58.41
EpicFlow:	21.19	15.87	15.69	15.07	14.97	14.58	14.72	15.28	14.54	14.61
 RicFlow:	16.43	15.53	15.50	15.90	14.69	15.26	15.60	16.04	16.05	16.21
 FlowSAC:	8.78	8.68	8.51	10.41	10.41	10.00	10.91	9.21	11.20	8.63
FlowSAC*:	8.84	8.15	8.52	10.46	10.74	10.19	11.09	9.23	10.96	8.68
0064 : ambush_5/frame_0038.png
 Matches:	17.67	23.19	27.91	30.58	32.90	34.91	36.17	37.13	38.29	39.10
 Outlier:	33.36	41.30	48.20	51.90	54.85	57.12	58.48	59.45	60.49	61.24
EpicFlow:	10.65	18.82	18.76	20.29	20.25	19.94	21.30	20.68	21.05	20.47
 RicFlow:	15.90	14.56	15.24	16.10	15.96	16.65	17.16	16.38	17.14	17.81
 FlowSAC:	14.30	11.83	12.88	14.21	12.55	11.95	12.38	12.32	12.78	12.19
FlowSAC*:	14.32	13.07	12.99	14.09	11.67	12.00	11.67	12.55	12.13	12.00
0065 : ambush_5/frame_0039.png
 Matches:	18.99	24.74	29.75	32.65	35.01	37.03	38.24	39.25	40.18	40.84
 Outlier:	33.67	41.97	48.81	52.52	55.26	57.41	58.69	59.68	60.47	61.06
EpicFlow:	18.81	19.44	20.52	22.54	22.50	25.58	31.04	28.78	28.78	28.41
 RicFlow:	17.60	17.76	17.71	18.30	18.89	18.40	19.78	19.37	19.88	20.11
 FlowSAC:	13.22	13.30	12.32	13.13	12.34	13.07	13.44	13.33	13.40	12.59
FlowSAC*:	13.08	12.86	12.28	13.22	12.85	12.84	13.47	13.40	13.20	12.60
0066 : ambush_5/frame_0040.png
 Matches:	22.50	28.39	33.33	36.48	39.07	40.91	41.88	42.61	43.36	44.12
 Outlier:	30.73	38.41	44.94	48.68	51.57	53.51	54.53	55.23	55.94	56.59
EpicFlow:	14.91	11.78	14.61	17.68	15.09	15.03	16.42	16.35	16.57	16.29
 RicFlow:	10.55	12.06	12.07	12.11	12.58	12.48	12.93	12.81	17.14	13.04
 FlowSAC:	9.54	9.81	9.27	9.04	9.33	9.51	10.79	9.15	9.14	9.87
FlowSAC*:	8.81	9.81	9.29	9.45	9.47	9.33	9.29	9.19	9.52	10.45
0067 : ambush_5/frame_0041.png
 Matches:	26.11	31.91	36.45	39.19	41.36	42.86	43.88	44.65	45.74	46.54
 Outlier:	26.69	34.09	40.13	43.66	46.35	48.11	49.28	50.10	51.23	51.97
EpicFlow:	9.64	9.90	9.48	9.33	9.18	9.51	9.58	9.46	9.70	9.75
 RicFlow:	8.14	8.50	8.68	8.65	8.76	8.88	9.05	9.17	9.29	9.89
 FlowSAC:	7.53	7.01	8.05	6.77	7.08	7.17	7.15	7.14	7.26	7.95
FlowSAC*:	7.98	6.58	6.98	7.04	7.09	7.10	6.97	7.22	7.28	7.79
0068 : ambush_5/frame_0042.png
 Matches:	29.16	34.96	39.38	41.74	43.67	45.21	46.21	46.87	47.70	48.22
 Outlier:	22.20	28.98	34.77	37.74	40.12	41.95	43.08	43.79	44.60	45.09
EpicFlow:	5.64	6.83	6.27	6.02	6.04	6.22	6.27	6.32	6.38	6.30
 RicFlow:	5.71	6.00	6.22	6.27	6.32	6.34	6.36	6.40	6.64	6.75
 FlowSAC:	4.51	5.55	4.57	4.41	5.60	4.66	4.90	5.41	4.23	5.34
FlowSAC*:	4.47	4.61	4.67	4.31	4.78	4.75	4.80	5.33	4.70	3.90
0069 : ambush_5/frame_0043.png
 Matches:	24.93	29.60	33.63	36.13	38.20	40.06	41.32	42.30	43.95	44.98
 Outlier:	18.05	25.59	32.62	36.67	39.85	42.31	43.92	45.06	46.98	48.12
EpicFlow:	5.88	8.71	9.47	9.49	9.95	10.16	10.48	10.52	10.42	10.46
 RicFlow:	5.03	5.86	6.93	6.76	7.45	7.93	7.81	8.46	8.63	8.90
 FlowSAC:	5.27	5.62	5.35	6.00	5.71	5.42	5.98	6.45	6.24	6.67
FlowSAC*:	5.17	5.69	4.91	5.88	5.67	5.37	6.00	6.34	6.20	7.98
0070 : ambush_5/frame_0044.png
 Matches:	23.19	26.98	30.23	32.41	34.37	35.93	37.21	38.17	39.34	40.23
 Outlier:	15.03	21.82	28.48	32.80	36.25	38.77	40.74	42.14	43.76	44.95
EpicFlow:	19.14	21.55	24.61	28.77	27.72	27.95	22.18	22.24	22.64	23.83
 RicFlow:	16.38	16.22	16.61	16.63	18.52	18.74	19.44	19.91	20.04	21.39
 FlowSAC:	19.23	18.08	17.73	17.98	19.04	20.40	18.00	20.89	19.88	17.54
FlowSAC*:	17.93	17.98	17.87	18.23	18.48	19.94	22.91	16.83	19.59	17.02
0071 : ambush_5/frame_0045.png
 Matches:	24.64	28.68	32.08	34.13	35.79	37.19	38.14	38.85	39.90	40.76
 Outlier:	14.42	21.23	27.45	31.19	34.09	36.36	37.91	39.01	40.51	41.67
EpicFlow:	20.08	24.19	30.16	29.75	41.23	42.19	43.20	42.95	41.54	41.40
 RicFlow:	22.52	23.55	24.36	26.26	25.35	34.22	34.76	35.63	35.69	35.94
 FlowSAC:	25.60	17.62	16.64	20.74	20.79	20.52	24.43	25.16	26.40	24.99
FlowSAC*:	25.68	17.62	22.64	25.26	21.41	20.90	25.09	24.51	25.87	24.95
0072 : ambush_5/frame_0046.png
 Matches:	23.26	26.75	30.07	32.27	34.22	35.90	37.06	37.97	39.11	40.10
 Outlier:	15.03	21.97	28.75	32.91	36.38	39.20	40.99	42.34	43.97	45.34
EpicFlow:	9.09	10.82	11.20	10.07	11.25	11.25	11.27	16.03	16.02	16.05
 RicFlow:	9.62	12.92	15.28	19.32	20.26	19.32	18.76	18.67	19.72	18.62
 FlowSAC:	9.60	9.69	9.81	10.27	9.91	11.37	10.21	10.09	10.98	10.78
FlowSAC*:	9.61	9.67	9.82	10.34	9.88	11.60	10.32	10.17	11.01	10.76
0073 : ambush_5/frame_0047.png
 Matches:	16.71	21.21	25.22	27.62	29.81	31.54	32.73	33.64	34.98	36.00
 Outlier:	27.86	34.86	42.75	47.14	50.78	53.29	54.85	56.02	57.63	58.77
EpicFlow:	16.91	15.52	15.40	30.66	30.88	31.63	32.06	32.36	32.19	35.03
 RicFlow:	17.28	17.50	15.38	20.82	22.90	22.59	26.61	31.30	34.02	34.34
 FlowSAC:	18.03	26.49	24.62	23.89	20.15	19.79	23.22	34.63	22.70	24.94
FlowSAC*:	19.07	17.77	24.45	23.66	19.43	18.76	17.86	34.74	16.49	24.83
0074 : ambush_5/frame_0048.png
 Matches:	13.36	18.76	23.74	26.97	29.85	32.13	33.72	34.81	36.54	37.47
 Outlier:	42.78	51.32	59.06	63.22	66.46	68.73	70.08	70.98	72.28	72.95
EpicFlow:	42.28	41.53	38.63	43.78	45.52	45.56	44.57	46.22	45.83	45.42
 RicFlow:	39.28	42.16	40.44	43.18	44.47	45.03	47.28	46.90	48.79	47.39
 FlowSAC:	32.05	33.90	37.99	35.53	37.23	37.91	39.31	40.21	47.62	34.98
FlowSAC*:	32.11	33.90	34.23	35.33	37.60	38.00	36.86	39.63	35.68	35.57
0075 : ambush_5/frame_0049.png
 Matches:	15.24	20.43	25.12	27.84	30.17	32.22	33.60	34.78	36.97	38.36
 Outlier:	31.87	39.84	47.75	52.12	55.48	58.03	59.50	60.76	62.90	64.19
EpicFlow:	14.96	16.26	19.24	19.29	19.09	18.72	18.27	17.78	17.21	17.62
 RicFlow:	16.91	18.06	19.22	19.75	20.85	20.67	20.39	20.48	21.25	21.45
 FlowSAC:	20.08	17.10	17.76	20.56	16.21	18.15	19.92	14.64	15.81	15.11
FlowSAC*:	20.07	16.06	20.09	18.00	16.11	18.02	19.94	14.47	13.99	15.37
0076 : ambush_6/frame_0001.png
 Matches:	25.86	31.81	35.45	37.42	39.20	41.08	42.51	43.58	45.30	46.25
 Outlier:	20.01	25.33	30.33	33.27	35.70	38.10	39.73	40.79	42.51	43.53
EpicFlow:	4.89	4.83	5.00	5.48	5.70	6.06	6.09	6.06	6.25	6.40
 RicFlow:	7.05	7.64	7.75	8.21	8.21	8.77	9.01	8.95	9.24	9.34
 FlowSAC:	5.92	6.32	5.67	3.88	7.15	3.75	5.75	5.56	6.04	4.57
FlowSAC*:	4.16	3.73	3.77	3.90	7.15	3.81	4.00	5.57	6.16	3.72
0077 : ambush_6/frame_0002.png
 Matches:	23.85	29.72	33.17	35.19	37.23	38.85	40.00	41.05	42.70	43.73
 Outlier:	22.38	27.93	33.06	36.29	39.31	41.46	42.80	43.98	45.80	47.04
EpicFlow:	4.57	5.22	6.08	6.86	7.05	8.28	8.42	8.71	9.23	9.85
 RicFlow:	6.05	6.96	8.07	8.44	8.81	9.91	10.67	10.62	12.15	12.69
 FlowSAC:	5.50	5.16	4.15	4.46	4.21	4.62	4.80	6.43	7.12	4.59
FlowSAC*:	5.45	4.00	4.18	5.04	4.61	5.97	4.70	6.37	5.70	6.30
0078 : ambush_6/frame_0003.png
 Matches:	20.97	26.33	30.00	32.25	34.16	35.75	37.06	38.17	39.88	41.07
 Outlier:	24.56	30.74	36.61	40.25	43.04	45.22	46.79	48.02	49.85	51.12
EpicFlow:	5.50	5.69	7.55	8.34	9.07	9.72	9.43	9.60	10.38	10.08
 RicFlow:	7.76	7.82	12.07	12.91	12.55	14.51	16.52	15.82	14.57	14.77
 FlowSAC:	3.94	4.14	3.41	3.85	5.38	5.06	5.37	4.48	5.31	5.01
FlowSAC*:	3.96	4.08	3.43	3.83	5.45	4.33	5.33	4.46	5.35	5.06
0079 : ambush_6/frame_0004.png
 Matches:	20.17	25.45	29.22	31.55	33.69	35.68	37.29	38.59	40.26	41.41
 Outlier:	28.63	34.78	40.75	44.38	47.40	50.03	51.96	53.45	55.25	56.47
EpicFlow:	7.23	7.49	7.61	7.92	8.14	8.21	8.34	8.78	9.31	9.68
 RicFlow:	12.01	13.72	13.44	13.75	13.97	15.84	14.45	14.72	15.30	15.90
 FlowSAC:	6.95	6.18	6.01	5.95	6.16	6.84	7.10	5.03	6.87	7.62
FlowSAC*:	5.23	6.15	5.95	5.80	5.81	7.14	7.03	5.05	6.78	7.64
0080 : ambush_6/frame_0005.png
 Matches:	19.39	24.21	28.16	30.83	33.64	36.19	38.06	39.73	41.31	42.26
 Outlier:	31.08	37.71	44.34	48.48	52.31	55.31	57.32	58.94	60.22	61.04
EpicFlow:	4.76	5.37	5.49	5.57	5.53	5.74	5.98	6.15	6.53	6.77
 RicFlow:	11.08	12.66	12.60	13.02	13.02	12.99	12.65	13.13	12.92	12.99
 FlowSAC:	6.93	6.10	4.57	6.32	5.87	6.48	7.58	8.72	7.15	7.55
FlowSAC*:	4.94	6.63	4.47	6.10	5.93	7.79	7.42	8.40	7.06	7.84
0081 : ambush_6/frame_0006.png
 Matches:	20.65	26.26	31.02	34.16	37.23	39.88	41.58	42.90	44.61	45.48
 Outlier:	33.58	41.18	48.24	52.25	55.62	58.14	59.59	60.60	61.77	62.45
EpicFlow:	4.51	5.76	5.15	5.35	7.46	8.66	8.72	8.97	9.09	9.48
 RicFlow:	9.14	8.19	8.51	8.65	8.71	8.68	8.88	9.09	9.28	9.32
 FlowSAC:	6.52	8.19	6.48	6.88	6.83	6.58	7.38	6.99	7.35	6.75
FlowSAC*:	8.24	7.50	6.68	7.08	6.93	6.58	7.90	7.15	7.71	7.05
0082 : ambush_6/frame_0007.png
 Matches:	23.10	28.37	32.94	36.19	39.10	41.37	42.66	43.75	45.38	46.07
 Outlier:	35.58	42.39	48.23	51.60	54.27	56.13	57.28	58.13	59.40	59.87
EpicFlow:	6.17	6.38	6.90	6.94	6.99	7.26	8.61	7.92	10.78	10.79
 RicFlow:	6.30	6.64	7.05	7.19	7.53	7.91	7.84	8.36	8.83	9.00
 FlowSAC:	4.55	4.79	5.00	4.98	5.62	5.12	5.16	5.51	5.79	5.37
FlowSAC*:	4.70	4.90	4.98	5.55	5.51	5.06	5.40	5.50	6.11	5.31
0083 : ambush_6/frame_0008.png
 Matches:	23.19	28.78	33.47	36.81	39.52	41.95	43.24	44.14	45.51	46.07
 Outlier:	33.10	39.53	45.33	49.27	51.98	54.21	55.34	56.08	57.29	57.63
EpicFlow:	8.04	8.43	8.78	9.32	8.43	8.39	8.22	8.37	8.79	8.88
 RicFlow:	5.86	5.96	6.27	6.70	6.83	7.18	7.27	7.57	7.91	8.06
 FlowSAC:	5.04	5.25	5.14	5.31	5.14	4.99	4.98	5.26	4.99	5.11
FlowSAC*:	5.21	5.28	5.13	5.32	4.99	5.01	5.17	5.13	4.98	5.20
0084 : ambush_6/frame_0009.png
 Matches:	21.77	27.25	32.54	35.62	38.59	40.99	42.54	43.63	45.30	46.14
 Outlier:	35.42	41.70	48.09	51.52	54.25	56.26	57.49	58.38	59.51	59.82
EpicFlow:	9.02	9.10	10.09	10.18	10.42	10.81	10.88	10.77	10.60	10.47
 RicFlow:	6.29	6.97	6.83	7.23	7.86	7.88	8.64	8.34	9.17	8.92
 FlowSAC:	5.00	4.81	4.71	4.70	4.48	4.36	4.68	4.75	4.29	4.66
FlowSAC*:	4.41	4.83	4.87	4.54	4.46	4.22	4.44	4.34	4.32	4.46
0085 : ambush_6/frame_0010.png
 Matches:	18.02	23.36	28.10	31.03	34.03	36.67	38.53	39.80	41.67	42.81
 Outlier:	40.19	47.15	53.24	56.69	59.60	61.72	63.09	64.11	65.42	65.91
EpicFlow:	9.16	9.10	9.48	9.60	10.52	11.06	11.38	11.84	11.69	11.79
 RicFlow:	7.64	9.17	9.75	10.45	10.29	10.70	10.79	10.93	11.29	11.01
 FlowSAC:	7.40	8.15	7.75	7.54	7.95	7.50	7.59	7.22	7.45	7.52
FlowSAC*:	7.47	7.21	7.64	7.49	7.81	7.43	7.25	7.18	7.66	7.44
0086 : ambush_6/frame_0011.png
 Matches:	16.77	21.59	25.84	28.62	31.79	35.01	37.10	38.70	40.97	42.32
 Outlier:	38.25	45.14	51.58	55.31	58.88	61.95	63.73	65.01	66.12	67.02
EpicFlow:	10.16	9.72	10.45	10.62	11.31	12.26	11.66	11.46	12.43	12.49
 RicFlow:	9.15	10.53	10.96	10.82	11.35	11.56	11.69	11.65	11.70	12.37
 FlowSAC:	8.85	8.14	8.79	8.56	8.39	9.72	8.84	9.13	9.64	10.11
FlowSAC*:	8.85	8.15	8.71	8.49	8.32	9.49	8.38	8.66	9.18	10.02
0087 : ambush_6/frame_0012.png
 Matches:	18.62	23.65	27.64	30.34	32.92	35.47	37.52	38.79	40.74	41.78
 Outlier:	28.16	34.60	41.53	45.83	49.39	52.41	54.67	55.82	57.66	58.58
EpicFlow:	8.62	9.31	9.84	10.57	10.93	11.25	11.34	11.26	11.69	12.09
 RicFlow:	10.21	9.60	10.80	10.99	11.36	11.92	12.11	12.61	12.78	12.92
 FlowSAC:	8.10	8.62	7.82	8.21	8.59	9.27	9.71	8.02	8.94	8.73
FlowSAC*:	7.98	8.92	8.15	8.13	8.51	8.48	8.28	7.99	8.65	8.93
0088 : ambush_6/frame_0013.png
 Matches:	18.78	25.39	30.10	32.81	35.48	37.84	39.40	40.61	42.39	43.64
 Outlier:	31.31	37.89	44.28	47.79	50.61	53.02	54.62	55.81	57.43	58.63
EpicFlow:	8.46	8.67	7.94	8.27	8.40	8.44	8.56	8.67	9.00	9.22
 RicFlow:	8.75	8.19	8.85	9.13	9.10	9.69	10.43	10.85	11.28	11.35
 FlowSAC:	6.51	6.13	6.51	7.30	6.75	7.14	8.26	7.37	9.41	9.30
FlowSAC*:	6.60	6.35	6.60	7.28	6.83	7.97	7.86	8.51	8.86	8.74
0089 : ambush_6/frame_0014.png
 Matches:	13.39	18.09	21.85	24.30	26.75	29.28	31.11	32.40	34.52	36.01
 Outlier:	28.77	36.35	44.01	48.47	52.40	55.90	58.09	59.39	61.10	62.45
EpicFlow:	22.66	20.78	19.96	22.71	23.89	27.84	27.71	30.47	30.47	29.91
 RicFlow:	19.65	18.12	18.96	20.90	27.75	29.03	29.34	30.72	29.98	32.74
 FlowSAC:	15.96	19.52	23.69	16.91	25.26	16.64	30.79	17.14	15.33	16.57
FlowSAC*:	18.49	17.47	23.68	14.13	25.04	15.85	31.18	17.16	15.49	16.55
0090 : ambush_6/frame_0015.png
 Matches:	12.93	16.43	19.02	20.90	22.56	24.12	25.49	26.87	28.80	30.19
 Outlier:	18.86	26.88	34.84	40.32	44.54	47.88	50.43	52.80	55.65	57.46
EpicFlow:	69.72	73.64	80.58	85.18	79.71	78.87	79.90	79.19	78.98	78.68
 RicFlow:	54.03	71.97	84.24	78.28	80.74	80.30	81.09	81.26	80.74	78.90
 FlowSAC:	50.36	49.43	59.31	56.85	57.01	60.42	62.53	65.46	61.53	59.64
FlowSAC*:	50.36	48.51	59.03	47.50	57.06	58.16	62.97	65.47	59.09	62.85
0091 : ambush_6/frame_0016.png
 Matches:	19.21	23.12	25.78	27.52	29.29	31.04	32.47	33.77	36.31	38.20
 Outlier:	16.56	23.09	29.20	33.26	37.02	40.29	42.80	44.88	48.49	50.74
EpicFlow:	34.49	24.06	24.52	25.04	24.03	24.30	25.98	26.17	26.91	27.70
 RicFlow:	30.55	28.72	29.24	27.81	29.89	30.13	32.34	33.68	33.02	33.61
 FlowSAC:	14.17	16.61	16.34	23.77	17.31	17.32	22.22	15.71	18.95	21.69
FlowSAC*:	15.20	15.44	16.61	24.14	14.70	22.78	23.45	22.42	24.38	21.70
0092 : ambush_6/frame_0017.png
 Matches:	24.46	28.97	31.89	33.42	34.92	35.87	36.42	36.97	37.78	38.53
 Outlier:	12.16	17.76	23.35	26.40	29.18	30.90	31.80	32.73	34.11	35.37
EpicFlow:	6.41	9.46	9.86	9.95	10.62	11.13	10.37	10.22	10.51	12.74
 RicFlow:	8.51	9.26	8.37	8.37	8.69	8.83	9.89	10.81	11.33	11.13
 FlowSAC:	12.81	8.41	8.69	8.47	8.12	8.80	8.89	10.48	8.94	10.22
FlowSAC*:	8.82	8.33	8.37	8.56	8.22	8.76	8.94	9.45	8.83	9.73
0093 : ambush_6/frame_0018.png
 Matches:	24.90	29.63	32.53	34.16	35.68	36.99	37.97	38.65	39.81	40.56
 Outlier:	12.89	18.14	23.46	26.57	29.31	31.62	33.24	34.31	36.12	37.25
EpicFlow:	6.72	7.75	9.21	7.98	7.80	7.83	7.89	7.63	7.84	8.03
 RicFlow:	6.01	6.52	6.91	8.63	9.15	9.61	10.40	10.23	10.67	10.70
 FlowSAC:	13.42	10.82	14.83	7.22	12.50	6.75	12.37	6.82	6.40	11.74
FlowSAC*:	13.49	10.09	13.85	13.89	12.51	12.44	12.44	12.57	11.85	11.63
0094 : ambush_6/frame_0019.png
 Matches:	26.96	31.58	34.22	35.68	37.09	38.40	39.26	40.03	40.95	41.60
 Outlier:	10.35	15.30	19.91	22.60	25.21	27.46	28.90	30.12	31.58	32.59
EpicFlow:	5.45	4.97	5.41	5.37	5.48	5.28	5.28	5.29	4.99	4.78
 RicFlow:	5.28	4.88	6.03	6.82	6.74	6.52	7.41	7.22	7.12	6.87
 FlowSAC:	5.69	5.05	5.33	4.85	5.42	5.15	5.11	4.89	4.83	4.70
FlowSAC*:	7.18	4.98	5.23	5.11	5.46	5.08	5.09	4.97	4.79	4.65
0095 : ambush_7/frame_0041.png
 Matches:	32.76	38.36	41.36	42.29	42.82	43.10	43.28	43.50	44.02	44.33
 Outlier:	10.35	15.61	19.57	20.98	21.79	22.24	22.51	22.85	23.73	24.24
EpicFlow:	5.61	5.82	6.04	5.98	5.99	6.03	6.07	6.22	6.54	6.77
 RicFlow:	5.50	5.55	5.67	5.56	5.34	5.40	5.45	5.49	5.82	5.83
 FlowSAC:	5.72	5.80	5.77	5.35	5.58	5.92	5.88	5.88	5.47	5.83
FlowSAC*:	5.40	5.78	5.88	5.18	5.29	5.62	5.58	5.88	5.70	5.61
0096 : ambush_7/frame_0042.png
 Matches:	33.12	38.60	41.52	42.55	43.15	43.38	43.59	43.83	44.04	44.22
 Outlier:	9.23	13.61	17.31	18.92	19.87	20.23	20.61	21.02	21.39	21.68
EpicFlow:	3.06	3.20	3.45	3.88	4.07	4.15	4.25	4.30	4.60	4.79
 RicFlow:	3.01	3.30	9.28	9.46	9.50	9.66	9.72	9.62	9.62	8.00
 FlowSAC:	2.88	2.98	2.93	3.31	3.27	3.31	3.33	3.64	3.18	3.20
FlowSAC*:	3.03	3.05	3.07	3.53	3.46	3.38	3.39	3.32	3.23	3.24
0097 : bamboo_2/frame_0046.png
 Matches:	41.78	42.97	43.85	44.33	44.75	45.06	45.33	45.56	46.02	46.21
 Outlier:	4.56	6.23	7.72	8.61	9.39	9.99	10.51	10.92	11.72	12.04
EpicFlow:	3.38	3.30	3.25	3.26	3.34	3.69	3.98	4.17	4.42	4.61
 RicFlow:	3.54	3.62	3.77	4.05	4.11	4.17	4.43	4.99	5.40	5.45
 FlowSAC:	3.14	3.27	3.23	3.42	3.48	3.36	3.37	3.21	3.66	3.47
FlowSAC*:	3.15	3.26	3.23	3.19	3.49	3.38	3.59	3.37	4.03	3.45
0098 : bamboo_2/frame_0047.png
 Matches:	41.44	42.61	43.45	43.88	44.20	44.47	44.69	44.87	45.22	45.56
 Outlier:	4.89	6.55	7.90	8.67	9.26	9.78	10.19	10.55	11.15	11.79
EpicFlow:	4.17	4.53	4.53	4.38	4.42	4.45	4.61	4.69	4.77	4.90
 RicFlow:	4.14	4.23	4.65	4.49	4.76	4.94	5.00	5.10	5.06	5.04
 FlowSAC:	3.82	4.08	3.93	3.94	3.99	4.25	4.14	4.23	4.52	4.48
FlowSAC*:	3.83	4.08	3.95	3.85	4.12	4.13	4.13	4.22	4.64	4.50
0099 : cave_2/frame_0015.png
 Matches:	32.90	36.55	38.33	39.28	40.17	41.02	41.77	42.29	43.21	44.33
 Outlier:	8.95	12.20	15.15	16.87	18.38	19.89	21.19	22.02	23.32	25.09
EpicFlow:	4.15	4.24	4.51	5.16	5.54	5.56	5.86	6.10	6.41	6.61
 RicFlow:	4.57	4.64	4.93	4.93	4.83	4.74	4.77	4.93	5.04	5.52
 FlowSAC:	4.73	4.77	4.00	4.18	4.38	4.71	4.16	4.21	4.69	4.47
FlowSAC*:	4.59	3.93	4.37	4.08	4.55	4.31	4.09	4.32	4.37	4.36
0100 : cave_2/frame_0018.png
 Matches:	31.72	36.01	37.98	38.79	39.40	39.99	40.52	40.94	42.13	43.04
 Outlier:	11.90	15.08	17.68	18.96	19.82	20.85	21.76	22.45	24.41	25.75
EpicFlow:	3.71	4.75	4.95	5.04	5.19	5.27	5.43	5.75	5.99	6.26
 RicFlow:	4.40	4.46	4.54	4.45	4.51	4.46	4.42	4.55	4.86	5.14
 FlowSAC:	3.76	3.85	3.89	3.71	4.02	3.79	3.90	3.85	3.89	3.84
FlowSAC*:	3.77	3.83	3.85	3.67	3.88	3.82	3.88	3.94	3.92	3.90
0101 : cave_2/frame_0019.png
 Matches:	30.64	34.62	36.52	37.41	38.18	38.80	39.32	39.92	40.77	41.64
 Outlier:	11.27	14.49	17.41	18.97	20.35	21.52	22.49	23.60	25.08	26.59
EpicFlow:	4.60	4.82	5.24	5.87	6.59	7.53	8.13	8.26	8.58	9.25
 RicFlow:	4.73	4.65	4.96	4.91	5.03	5.18	5.12	5.13	5.62	6.11
 FlowSAC:	4.83	4.28	4.15	4.85	5.24	5.14	4.63	5.69	4.96	4.21
FlowSAC*:	4.10	4.15	4.04	4.02	4.16	4.19	4.10	4.09	4.10	3.94
0102 : cave_2/frame_0020.png
 Matches:	30.25	34.43	36.68	37.56	38.29	39.07	39.72	40.11	40.94	41.90
 Outlier:	12.51	16.16	19.33	20.86	22.18	23.57	24.67	25.33	26.74	28.20
EpicFlow:	7.24	7.46	6.75	7.00	8.59	9.82	9.36	10.66	10.59	11.57
 RicFlow:	6.05	6.10	6.49	6.28	6.47	6.78	7.09	7.13	8.72	8.89
 FlowSAC:	7.66	8.26	7.13	7.71	7.52	7.62	7.76	7.30	7.65	7.91
FlowSAC*:	8.24	8.24	7.31	7.21	7.22	7.69	7.59	7.27	7.38	7.76
0103 : cave_2/frame_0021.png
 Matches:	29.84	34.41	36.85	37.88	38.66	39.22	39.69	40.06	40.59	41.36
 Outlier:	11.78	15.57	19.13	20.94	22.41	23.44	24.28	24.91	25.80	27.05
EpicFlow:	7.85	7.73	10.05	10.98	10.82	11.19	11.15	10.93	10.80	11.68
 RicFlow:	8.70	8.99	9.35	9.24	9.65	10.17	10.19	10.28	10.54	10.44
 FlowSAC:	8.07	7.90	13.64	10.73	10.98	10.97	10.78	10.42	9.96	10.67
FlowSAC*:	7.77	7.74	13.53	8.44	10.99	10.77	10.71	10.67	10.80	10.56
0104 : cave_2/frame_0022.png
 Matches:	26.43	30.41	33.01	34.19	35.14	35.87	36.49	36.98	37.91	38.83
 Outlier:	11.00	14.88	19.26	21.65	23.47	24.93	26.13	27.05	28.78	30.35
EpicFlow:	10.68	11.67	11.12	17.60	25.46	28.05	28.16	28.53	25.13	25.15
 RicFlow:	12.09	12.16	11.58	11.95	17.12	15.37	14.82	16.27	20.70	19.12
 FlowSAC:	10.09	10.29	10.01	10.09	10.07	9.54	9.36	10.12	10.05	10.23
FlowSAC*:	11.00	10.18	9.97	10.05	10.12	9.49	8.91	9.97	9.60	9.27
0105 : cave_2/frame_0023.png
 Matches:	21.38	24.75	26.99	28.28	29.39	30.42	31.06	31.68	32.84	33.94
 Outlier:	13.12	17.80	22.75	25.86	28.50	30.72	31.93	33.13	35.37	37.43
EpicFlow:	33.48	33.17	33.06	30.10	36.85	36.05	37.80	35.77	34.04	39.42
 RicFlow:	28.27	28.27	25.43	28.04	29.47	31.22	30.83	32.19	29.94	30.40
 FlowSAC:	33.43	19.99	21.69	22.42	23.62	23.95	23.01	23.33	22.95	22.97
FlowSAC*:	33.42	19.70	22.00	22.34	24.09	22.91	22.66	23.28	22.18	23.45
0106 : cave_2/frame_0024.png
 Matches:	20.56	23.67	25.73	27.02	28.31	29.46	30.33	30.90	31.76	32.49
 Outlier:	14.34	19.07	23.88	26.99	29.98	32.57	34.40	35.59	37.26	38.62
EpicFlow:	28.83	28.18	32.75	34.50	36.02	28.78	36.79	39.62	37.57	39.99
 RicFlow:	30.95	26.12	29.85	27.78	32.36	34.33	33.80	30.46	32.90	31.66
 FlowSAC:	34.17	29.17	28.09	26.10	26.86	27.51	23.98	24.43	23.61	27.29
FlowSAC*:	33.96	28.98	28.03	27.16	25.64	26.77	22.73	24.47	23.91	24.63
0107 : cave_2/frame_0025.png
 Matches:	22.15	25.20	27.01	27.97	28.78	29.46	29.99	30.46	31.41	32.12
 Outlier:	11.04	14.69	18.57	20.82	22.75	24.39	25.64	26.69	28.76	30.25
EpicFlow:	42.96	43.91	60.07	69.17	71.77	71.75	70.02	67.99	69.21	68.52
 RicFlow:	37.69	37.84	38.20	53.03	52.19	54.64	51.66	45.87	46.75	45.45
 FlowSAC:	38.01	41.50	42.33	43.55	55.39	59.06	58.61	57.54	54.14	50.57
FlowSAC*:	38.27	37.28	41.78	47.95	54.87	58.30	55.87	49.82	49.04	52.18
0108 : cave_2/frame_0026.png
 Matches:	26.05	30.24	32.60	33.61	34.40	35.15	35.84	36.26	37.12	37.83
 Outlier:	12.92	16.72	20.58	22.52	24.06	25.51	26.69	27.47	28.84	30.09
EpicFlow:	17.62	15.65	15.26	20.46	20.73	21.43	22.52	22.55	23.56	23.15
 RicFlow:	21.87	19.75	23.19	27.89	25.04	25.46	19.48	19.67	21.12	22.81
 FlowSAC:	14.72	15.22	20.42	20.72	20.49	20.30	22.28	21.57	22.14	22.63
FlowSAC*:	15.02	15.44	20.35	20.03	20.61	21.18	22.58	21.69	21.17	22.38
0109 : cave_2/frame_0027.png
 Matches:	27.89	32.97	35.62	36.73	37.55	38.18	38.61	38.95	39.42	39.82
 Outlier:	14.91	19.16	22.82	24.71	26.14	27.26	28.00	28.63	29.45	30.15
EpicFlow:	14.86	27.82	28.19	33.77	36.88	41.28	43.06	43.80	43.44	47.20
 RicFlow:	7.61	7.99	8.41	8.84	9.23	11.16	14.05	16.53	18.33	19.06
 FlowSAC:	7.69	8.02	7.23	7.42	7.61	7.34	7.40	7.22	7.48	7.27
FlowSAC*:	7.22	7.55	7.37	7.33	7.60	7.51	7.54	7.53	7.53	7.43
0110 : cave_2/frame_0028.png
 Matches:	28.35	33.38	35.88	36.88	37.60	38.24	38.75	39.19	39.79	40.43
 Outlier:	14.31	18.55	22.21	24.00	25.31	26.44	27.37	28.13	29.19	30.18
EpicFlow:	8.28	9.48	19.31	19.81	22.12	22.46	22.61	22.83	20.89	20.87
 RicFlow:	6.91	8.34	8.99	9.08	9.11	9.31	9.41	9.80	10.61	11.40
 FlowSAC:	8.68	8.57	8.86	9.11	8.98	9.00	8.62	8.95	8.89	8.52
FlowSAC*:	8.77	8.57	8.60	9.16	8.70	8.71	8.74	8.62	8.91	8.54
0111 : cave_2/frame_0029.png
 Matches:	28.13	32.55	34.76	35.82	36.65	37.30	37.85	38.41	39.13	39.61
 Outlier:	13.52	17.31	20.70	22.61	24.13	25.31	26.34	27.38	28.61	29.33
EpicFlow:	12.35	12.76	13.58	14.41	15.39	16.25	17.24	17.42	17.26	18.00
 RicFlow:	11.16	10.83	13.15	11.53	12.85	12.98	13.37	13.90	13.85	14.10
 FlowSAC:	12.81	12.42	13.32	13.18	13.52	12.04	12.57	12.10	13.09	11.88
FlowSAC*:	13.32	12.36	13.41	12.78	12.97	12.73	12.58	13.06	12.41	13.06
0112 : cave_2/frame_0030.png
 Matches:	27.50	31.01	32.49	33.05	33.44	33.72	33.91	34.05	34.60	35.10
 Outlier:	10.26	12.97	15.35	16.53	17.42	18.11	18.56	18.86	20.10	21.23
EpicFlow:	18.93	19.62	19.09	19.23	18.10	18.59	15.51	22.23	24.91	24.46
 RicFlow:	20.76	22.17	22.76	19.59	18.06	14.95	15.40	14.25	13.15	21.00
 FlowSAC:	18.21	22.97	27.04	18.78	18.11	13.92	14.30	18.89	15.76	13.86
FlowSAC*:	18.20	22.55	22.41	20.22	19.46	13.93	13.60	25.76	15.63	16.41
0113 : cave_2/frame_0031.png
 Matches:	23.52	27.01	28.79	29.66	30.23	30.85	31.44	32.04	32.86	33.70
 Outlier:	10.61	14.42	17.70	19.71	21.12	22.66	24.06	25.43	27.21	28.99
EpicFlow:	13.23	24.10	34.61	32.73	31.38	31.92	34.46	33.95	25.13	26.57
 RicFlow:	15.55	18.46	20.93	21.36	24.26	26.57	30.66	32.13	31.02	32.58
 FlowSAC:	24.18	13.00	20.86	19.95	20.93	21.64	21.04	23.36	25.77	19.81
FlowSAC*:	18.40	18.13	20.93	20.04	20.66	22.07	21.95	19.80	20.55	27.60
0114 : cave_2/frame_0032.png
 Matches:	16.89	19.55	21.10	22.00	22.86	23.66	24.23	24.77	25.76	26.51
 Outlier:	16.19	20.92	25.13	27.77	30.24	32.46	34.00	35.39	37.68	39.31
EpicFlow:	29.81	30.06	36.41	39.31	42.48	47.49	47.77	48.19	47.63	52.27
 RicFlow:	37.92	35.77	32.65	35.36	37.51	44.62	43.81	49.57	49.83	49.66
 FlowSAC:	29.28	29.60	27.87	28.93	30.76	29.90	30.27	32.91	38.98	32.31
FlowSAC*:	29.40	29.10	29.24	29.15	30.93	30.29	34.14	34.43	30.98	33.07
0115 : cave_2/frame_0033.png
 Matches:	17.68	20.95	22.92	24.14	25.29	26.62	27.68	28.46	29.78	31.04
 Outlier:	21.98	27.45	32.15	35.12	37.76	40.64	42.83	44.34	46.72	48.82
EpicFlow:	27.18	33.05	41.76	46.27	43.39	44.77	43.59	51.01	48.61	47.61
 RicFlow:	38.29	30.41	31.92	41.32	42.25	37.09	40.68	37.15	34.17	38.54
 FlowSAC:	19.06	21.84	28.59	27.47	23.47	22.20	22.13	23.55	34.04	29.20
FlowSAC*:	19.09	21.39	32.82	27.69	26.42	21.23	22.55	23.56	34.09	29.73
0116 : cave_2/frame_0034.png
 Matches:	22.90	27.38	30.39	31.98	33.44	34.70	35.64	36.40	37.82	38.95
 Outlier:	22.66	28.00	32.78	35.44	37.87	39.92	41.41	42.56	44.55	46.07
EpicFlow:	9.11	9.56	10.64	11.79	10.20	10.26	10.52	10.76	11.19	11.82
 RicFlow:	9.15	10.09	11.59	11.83	12.10	11.22	11.28	11.23	11.42	11.46
 FlowSAC:	8.10	6.52	6.57	7.64	7.75	7.54	7.67	7.49	9.09	8.04
FlowSAC*:	7.95	6.66	6.96	7.60	7.53	7.56	8.29	7.66	9.16	7.84
0117 : cave_2/frame_0035.png
 Matches:	24.82	29.86	32.89	34.33	35.54	36.67	37.53	38.42	39.92	40.99
 Outlier:	26.77	32.66	37.13	39.34	41.21	42.82	44.07	45.29	47.28	48.48
EpicFlow:	8.21	9.77	9.96	10.29	9.93	10.38	10.62	11.37	11.88	12.48
 RicFlow:	6.61	7.91	8.74	9.14	9.73	10.79	10.72	10.87	11.10	11.35
 FlowSAC:	6.60	6.26	6.08	6.25	6.52	6.32	6.94	6.84	7.11	7.36
FlowSAC*:	6.42	6.08	6.26	6.24	6.76	6.58	6.78	6.54	7.10	7.56
0118 : cave_2/frame_0036.png
 Matches:	25.16	29.76	32.45	33.78	35.04	36.12	37.02	37.95	39.24	40.04
 Outlier:	30.16	35.46	39.08	41.00	42.77	44.24	45.40	46.61	48.04	48.85
EpicFlow:	10.63	11.04	11.82	12.42	12.81	14.26	13.52	13.56	13.86	14.11
 RicFlow:	11.08	10.11	10.62	10.60	11.02	12.16	13.23	13.37	13.11	14.10
 FlowSAC:	10.25	11.08	9.58	10.09	10.13	10.27	10.29	9.96	9.51	10.05
FlowSAC*:	10.94	11.08	9.36	10.12	10.23	9.88	10.14	9.98	9.28	10.43
0119 : cave_2/frame_0037.png
 Matches:	27.47	31.92	34.06	35.10	36.04	36.94	37.71	38.38	39.23	40.04
 Outlier:	24.70	29.46	32.66	34.28	35.73	37.10	38.29	39.31	40.55	41.64
EpicFlow:	8.32	8.35	10.58	10.65	10.44	13.66	14.24	14.95	15.72	15.51
 RicFlow:	9.85	10.00	9.75	10.31	10.25	10.43	10.19	10.43	11.73	11.75
 FlowSAC:	8.65	8.28	8.32	9.37	9.19	10.08	9.97	9.80	9.42	10.04
FlowSAC*:	8.66	7.89	8.24	9.41	8.74	9.71	9.74	9.87	10.20	9.32
0120 : cave_2/frame_0038.png
 Matches:	30.15	34.13	36.27	37.34	38.20	38.96	39.60	40.15	40.97	41.63
 Outlier:	22.42	26.85	30.25	32.02	33.39	34.54	35.45	36.25	37.44	38.38
EpicFlow:	5.41	5.88	6.17	8.58	8.76	8.67	8.94	9.30	9.82	9.95
 RicFlow:	5.25	5.76	5.99	6.50	6.44	7.33	6.35	7.05	7.42	7.43
 FlowSAC:	5.30	5.27	5.13	5.03	5.26	5.55	5.27	5.49	5.50	5.52
FlowSAC*:	5.34	5.14	5.22	5.14	5.27	5.42	5.31	5.61	5.51	5.63
0121 : cave_2/frame_0039.png
 Matches:	35.37	38.91	40.58	41.38	42.24	42.89	43.38	43.78	44.27	44.74
 Outlier:	18.97	22.01	24.26	25.50	26.74	27.65	28.33	28.88	29.57	30.21
EpicFlow:	3.55	4.29	4.39	4.47	4.63	4.73	4.81	4.83	4.97	5.68
 RicFlow:	2.96	3.18	3.66	3.73	3.78	3.93	3.96	3.94	4.02	4.52
 FlowSAC:	3.06	2.97	2.99	2.98	3.19	3.03	3.04	3.27	3.13	3.12
FlowSAC*:	3.15	3.20	2.98	2.93	3.04	3.01	3.00	3.12	3.16	3.26
0122 : cave_4/frame_0005.png
 Matches:	37.21	39.64	40.95	41.76	42.59	43.22	43.71	44.11	44.90	45.48
 Outlier:	6.80	9.50	11.70	13.05	14.40	15.53	16.40	17.10	18.47	19.36
EpicFlow:	6.54	6.91	7.05	6.68	7.04	6.94	6.85	6.50	6.91	6.70
 RicFlow:	4.86	5.21	5.39	5.55	5.97	6.28	6.24	6.36	6.43	6.44
 FlowSAC:	3.94	3.47	3.43	3.49	6.56	6.92	7.52	8.21	6.20	6.37
FlowSAC*:	3.69	6.79	6.55	3.52	6.68	7.15	7.38	8.19	8.55	8.21
0123 : cave_4/frame_0006.png
 Matches:	35.92	38.57	40.04	40.85	41.62	42.31	42.81	43.25	44.14	44.83
 Outlier:	7.93	10.92	13.25	14.56	15.83	16.92	17.83	18.55	20.08	21.27
EpicFlow:	3.33	3.37	3.75	3.57	3.55	3.61	3.78	3.89	4.23	4.76
 RicFlow:	3.83	4.74	3.96	4.70	4.71	4.56	3.72	4.49	4.41	4.90
 FlowSAC:	3.35	6.10	3.75	3.69	3.72	3.54	3.59	3.80	4.14	3.96
FlowSAC*:	3.45	3.34	3.50	3.65	3.78	3.64	3.56	3.74	3.99	4.04
0124 : cave_4/frame_0007.png
 Matches:	36.69	39.25	40.72	41.61	42.39	43.20	43.77	44.26	45.15	45.61
 Outlier:	8.75	11.70	13.92	15.34	16.55	17.90	18.86	19.66	21.08	21.73
EpicFlow:	3.26	3.49	3.45	3.91	4.04	4.06	4.32	4.30	4.51	4.60
 RicFlow:	3.91	3.86	3.79	3.72	3.71	3.84	3.76	3.79	3.84	4.11
 FlowSAC:	3.04	3.01	3.57	3.83	3.75	3.93	3.59	3.63	3.64	3.64
FlowSAC*:	3.12	3.35	3.32	3.05	3.37	3.83	3.37	3.23	3.09	3.46
0125 : cave_4/frame_0008.png
 Matches:	37.65	40.25	41.80	42.73	43.58	44.28	44.77	45.19	45.64	46.06
 Outlier:	8.18	11.29	13.75	15.20	16.48	17.55	18.36	19.06	19.79	20.47
EpicFlow:	5.04	5.16	5.11	5.07	5.05	5.05	5.07	5.15	5.20	4.57
 RicFlow:	5.45	5.32	5.38	5.39	5.41	5.39	5.43	5.41	5.38	5.48
 FlowSAC:	5.22	5.20	4.86	5.36	5.21	5.22	5.23	5.23	5.20	5.20
FlowSAC*:	5.22	5.23	5.25	5.31	5.24	5.35	5.31	5.33	5.24	5.17
0126 : cave_4/frame_0009.png
 Matches:	37.95	40.38	41.84	42.72	43.57	44.08	44.40	44.69	45.42	45.97
 Outlier:	7.64	10.61	12.87	14.23	15.54	16.25	16.73	17.20	18.42	19.33
EpicFlow:	4.53	4.60	4.68	4.67	4.69	4.71	4.74	4.76	5.21	5.35
 RicFlow:	5.07	4.91	4.92	4.90	4.90	4.86	4.84	4.85	5.03	5.27
 FlowSAC:	4.60	4.66	4.71	4.60	4.50	4.67	4.73	4.79	4.73	4.80
FlowSAC*:	4.64	4.73	4.77	4.69	4.61	4.71	4.74	4.75	4.76	4.78
0127 : cave_4/frame_0010.png
 Matches:	38.38	40.54	41.93	42.70	43.40	43.96	44.30	44.67	45.12	45.62
 Outlier:	7.31	10.02	12.31	13.55	14.58	15.48	16.00	16.61	17.39	18.18
EpicFlow:	6.28	6.33	6.36	6.38	6.36	6.44	6.49	6.56	6.56	7.07
 RicFlow:	6.68	6.67	6.68	6.71	6.69	6.69	6.66	6.66	6.57	6.62
 FlowSAC:	6.39	6.40	6.37	6.40	6.31	6.34	6.31	6.34	6.34	6.36
FlowSAC*:	6.41	6.41	6.43	6.40	6.38	6.33	6.34	6.33	6.35	6.34
0128 : cave_4/frame_0011.png
 Matches:	38.34	40.56	41.99	42.92	43.72	44.42	44.87	45.25	45.81	46.09
 Outlier:	6.85	9.72	12.08	13.59	14.85	15.94	16.66	17.29	18.21	18.66
EpicFlow:	4.71	4.46	4.45	4.47	4.61	4.48	4.52	4.59	5.61	5.77
 RicFlow:	5.18	5.10	5.02	4.99	4.93	4.97	4.93	4.96	5.72	5.84
 FlowSAC:	4.74	4.81	4.58	4.63	4.51	4.63	4.67	4.47	5.51	5.57
FlowSAC*:	4.78	4.76	4.58	4.77	4.53	4.65	4.70	4.64	5.56	5.61
0129 : cave_4/frame_0016.png
 Matches:	37.18	39.50	41.25	42.31	43.16	43.96	44.64	45.08	45.79	46.18
 Outlier:	7.35	10.40	13.37	15.24	16.61	17.82	18.89	19.60	20.76	21.41
EpicFlow:	3.03	2.97	2.94	2.98	3.02	3.08	3.20	3.25	3.81	4.17
 RicFlow:	3.46	3.31	3.28	3.25	3.25	3.23	3.35	3.28	3.54	3.63
 FlowSAC:	3.10	3.25	3.35	3.81	3.52	3.42	3.91	3.83	3.63	3.71
FlowSAC*:	3.12	3.82	3.64	3.97	3.89	4.51	4.57	4.48	4.48	4.48
0130 : cave_4/frame_0042.png
 Matches:	32.60	35.43	37.42	38.55	39.79	40.82	41.50	42.02	42.65	43.13
 Outlier:	8.61	12.56	16.08	18.15	20.31	22.01	23.15	24.01	25.00	25.71
EpicFlow:	4.97	5.41	5.53	5.28	5.23	5.29	5.44	5.56	5.42	5.94
 RicFlow:	6.45	5.92	5.86	5.61	5.95	5.85	5.88	5.97	6.11	6.69
 FlowSAC:	5.48	5.63	5.99	5.73	5.76	6.09	6.10	6.06	6.18	5.91
FlowSAC*:	5.90	5.76	5.79	5.79	5.80	6.01	6.09	6.17	6.17	5.96
0131 : cave_4/frame_0043.png
 Matches:	30.80	33.76	35.91	37.25	38.45	39.42	40.00	40.34	41.07	41.73
 Outlier:	10.19	14.87	19.05	21.61	23.80	25.42	26.36	26.93	28.00	28.79
EpicFlow:	9.22	9.64	9.21	9.38	12.76	11.56	11.54	12.10	12.73	11.43
 RicFlow:	9.99	10.23	9.95	10.12	9.38	9.57	9.27	9.46	9.61	9.52
 FlowSAC:	10.78	9.50	10.34	10.92	10.58	10.77	10.46	10.69	10.39	8.81
FlowSAC*:	10.71	9.93	9.76	10.70	9.96	11.09	10.12	11.05	10.14	9.92
0132 : cave_4/frame_0044.png
 Matches:	29.47	32.19	34.06	35.28	36.41	37.55	38.36	39.06	40.13	40.93
 Outlier:	11.40	15.68	19.51	21.91	24.01	26.09	27.54	28.74	30.49	31.74
EpicFlow:	13.02	11.76	11.84	15.24	12.51	13.09	12.74	12.97	13.19	13.06
 RicFlow:	17.65	15.89	14.81	14.50	13.24	12.93	12.17	12.80	13.94	14.25
 FlowSAC:	18.00	15.31	16.61	14.87	16.40	16.16	15.23	14.71	15.94	16.75
FlowSAC*:	19.17	18.17	17.82	16.75	17.97	16.49	16.17	16.61	16.60	16.43
0133 : cave_4/frame_0045.png
 Matches:	29.84	32.49	34.14	35.27	36.37	37.24	37.97	38.64	39.89	40.62
 Outlier:	9.63	13.46	16.84	19.19	21.42	23.00	24.33	25.54	27.68	28.86
EpicFlow:	19.44	16.92	14.89	14.18	16.16	16.07	16.15	16.63	17.43	17.84
 RicFlow:	14.01	14.05	15.62	17.69	15.58	15.46	15.73	16.10	16.21	16.88
 FlowSAC:	19.52	20.76	19.84	21.28	17.29	15.87	17.24	18.64	18.46	19.40
FlowSAC*:	19.19	19.41	19.48	19.59	17.17	18.43	16.97	18.13	17.51	18.01
0134 : cave_4/frame_0046.png
 Matches:	28.19	31.04	33.08	34.44	35.72	36.76	37.71	38.39	39.44	40.30
 Outlier:	11.02	15.50	19.48	22.11	24.53	26.45	28.15	29.38	31.07	32.42
EpicFlow:	8.76	9.58	9.78	10.26	11.15	10.41	10.66	11.48	11.67	14.78
 RicFlow:	9.75	9.47	9.85	9.88	10.13	10.25	10.36	10.52	11.23	12.28
 FlowSAC:	9.64	9.92	9.79	10.21	10.34	10.27	10.83	10.18	10.14	10.14
FlowSAC*:	9.69	9.74	9.78	9.74	10.17	10.19	10.40	9.83	10.45	10.21
0135 : cave_4/frame_0047.png
 Matches:	26.00	28.72	30.55	31.70	32.82	33.89	34.84	35.64	36.77	37.69
 Outlier:	11.21	15.97	20.10	22.64	25.00	27.05	28.87	30.32	32.28	33.80
EpicFlow:	8.68	8.20	8.55	8.74	9.16	9.14	9.33	9.82	10.34	11.47
 RicFlow:	7.10	7.76	7.89	8.60	9.43	12.49	12.55	12.62	12.65	12.95
 FlowSAC:	7.18	7.52	7.13	7.34	7.17	6.87	7.29	7.65	7.61	8.69
FlowSAC*:	6.89	10.71	7.24	7.25	7.33	7.50	7.11	8.07	8.11	9.97
0136 : cave_4/frame_0048.png
 Matches:	29.18	32.40	34.67	35.94	37.13	38.32	39.25	40.12	41.31	42.15
 Outlier:	12.47	17.48	21.77	24.15	26.33	28.39	29.96	31.31	33.08	34.33
EpicFlow:	6.85	10.45	11.72	12.12	12.21	12.14	11.88	12.10	12.59	12.71
 RicFlow:	8.26	10.50	10.84	11.43	11.69	11.68	11.39	11.80	12.38	12.42
 FlowSAC:	9.28	10.53	9.62	10.29	10.32	9.28	10.42	12.53	10.73	11.28
FlowSAC*:	7.49	10.59	8.44	8.84	10.24	10.68	10.42	10.59	10.57	10.90
0137 : cave_4/frame_0049.png
 Matches:	31.28	33.64	35.43	36.54	37.68	38.64	39.37	39.96	41.00	41.87
 Outlier:	10.03	13.89	17.24	19.30	21.11	22.62	23.86	24.85	26.55	27.99
EpicFlow:	6.93	7.00	7.18	7.12	7.29	7.51	7.74	7.77	8.34	8.49
 RicFlow:	6.93	7.55	8.17	8.35	7.51	7.75	7.79	8.48	7.63	8.94
 FlowSAC:	7.77	7.00	7.53	7.18	6.78	7.67	6.67	6.98	6.78	6.20
FlowSAC*:	7.94	6.49	6.84	7.13	8.23	7.70	6.86	8.06	7.72	6.27
0138 : market_5/frame_0001.png
 Matches:	23.31	27.04	29.62	30.99	32.18	33.23	34.10	34.76	36.15	37.36
 Outlier:	15.55	19.96	24.27	26.78	29.03	30.98	32.60	33.74	35.91	37.81
EpicFlow:	10.73	13.24	13.95	12.94	13.77	17.24	16.12	13.38	13.14	14.57
 RicFlow:	11.74	12.00	16.33	18.21	16.25	18.05	17.60	16.46	16.11	17.22
 FlowSAC:	9.51	10.23	9.34	10.64	10.85	17.24	10.69	10.10	15.02	11.54
FlowSAC*:	9.61	10.23	9.46	10.38	10.95	23.86	10.88	10.53	15.30	11.51
0139 : market_5/frame_0002.png
 Matches:	24.44	28.63	31.60	33.27	34.67	35.84	36.71	37.46	38.52	39.26
 Outlier:	16.92	21.99	26.72	29.33	31.53	33.41	34.83	36.05	37.68	38.60
EpicFlow:	5.35	8.43	8.17	8.97	9.48	11.33	13.25	13.67	16.20	15.35
 RicFlow:	6.86	11.84	13.76	12.77	13.14	12.72	12.10	12.17	11.78	12.29
 FlowSAC:	4.93	5.90	5.22	5.02	4.70	4.83	10.85	5.50	4.88	11.80
FlowSAC*:	4.94	5.22	4.57	4.99	4.81	4.81	10.71	5.65	4.94	13.62
0140 : market_5/frame_0003.png
 Matches:	23.52	27.01	29.43	30.78	32.02	32.95	33.67	34.25	35.09	36.00
 Outlier:	16.34	20.60	24.59	27.13	29.33	31.08	32.42	33.52	34.92	36.41
EpicFlow:	12.47	13.23	13.72	14.15	16.05	18.75	21.36	21.76	19.36	20.58
 RicFlow:	16.24	18.14	21.72	21.33	18.61	18.96	19.64	20.28	20.48	20.39
 FlowSAC:	17.92	17.34	17.71	17.30	17.65	17.66	16.70	17.36	17.91	15.30
FlowSAC*:	17.94	16.95	18.34	16.94	19.54	19.58	15.96	20.80	21.44	16.62
0141 : market_5/frame_0004.png
 Matches:	22.78	26.83	29.84	31.55	33.11	34.25	35.03	35.69	36.94	37.96
 Outlier:	23.25	28.35	32.99	35.66	37.74	39.30	40.41	41.38	43.24	44.65
EpicFlow:	13.23	25.73	20.31	17.57	21.37	20.55	20.02	19.11	19.85	21.19
 RicFlow:	17.67	15.70	15.64	21.06	21.80	20.40	20.46	21.14	21.27	20.84
 FlowSAC:	13.53	13.69	13.51	10.51	10.64	10.61	10.54	9.83	9.66	10.57
FlowSAC*:	13.20	13.81	13.17	10.34	11.06	10.89	10.87	10.19	9.40	10.82
0142 : market_5/frame_0005.png
 Matches:	24.67	29.45	32.87	34.51	35.71	36.72	37.41	38.06	38.75	39.43
 Outlier:	18.94	24.14	28.69	31.10	32.97	34.49	35.47	36.35	37.37	38.36
EpicFlow:	12.33	71.79	43.60	44.95	49.68	40.06	37.31	40.38	35.79	33.77
 RicFlow:	26.40	24.21	23.92	32.46	34.20	35.62	34.75	34.82	34.45	35.16
 FlowSAC:	12.70	25.10	25.98	26.44	24.57	25.65	26.64	24.20	25.79	24.87
FlowSAC*:	12.71	24.54	25.90	26.19	25.99	25.98	26.64	25.20	25.73	26.05
0143 : market_5/frame_0006.png
 Matches:	25.70	30.78	34.49	36.39	37.80	38.83	39.52	39.90	40.60	41.10
 Outlier:	25.04	30.78	35.10	37.32	39.20	40.60	41.51	41.95	42.70	43.28
EpicFlow:	15.89	15.70	15.86	20.07	20.62	20.64	20.73	20.87	21.30	21.44
 RicFlow:	17.18	17.22	16.52	16.60	19.55	16.70	16.80	18.41	20.10	21.50
 FlowSAC:	15.88	15.59	15.54	15.70	15.94	16.13	15.78	16.00	16.16	16.52
FlowSAC*:	15.94	15.73	15.47	15.53	15.61	15.88	15.55	15.84	15.75	15.79
0144 : market_5/frame_0007.png
 Matches:	31.07	35.35	38.18	39.53	40.56	41.40	42.19	42.74	43.65	44.17
 Outlier:	19.17	23.20	26.69	28.59	30.04	31.32	32.50	33.19	34.44	35.14
EpicFlow:	5.96	5.90	6.48	6.45	6.77	6.58	6.55	6.54	6.89	7.03
 RicFlow:	5.48	5.54	5.85	5.99	6.60	6.12	6.16	6.45	6.91	6.63
 FlowSAC:	6.47	6.61	6.51	6.53	6.53	6.72	6.86	6.52	6.82	6.94
FlowSAC*:	6.50	6.47	6.18	6.46	6.51	6.69	6.98	7.04	6.75	6.84
0145 : market_5/frame_0008.png
 Matches:	26.62	30.21	32.52	33.74	34.77	35.65	36.19	36.60	37.19	37.86
 Outlier:	12.56	16.63	20.23	22.39	24.27	25.87	26.86	27.66	28.73	29.89
EpicFlow:	7.60	7.76	11.28	13.70	15.30	18.88	19.20	19.40	21.14	20.93
 RicFlow:	9.10	14.30	14.39	14.66	14.02	15.79	14.85	15.83	16.95	18.54
 FlowSAC:	7.73	8.04	11.56	17.65	9.61	8.15	8.31	9.56	8.64	9.96
FlowSAC*:	7.55	7.73	7.44	9.23	8.63	8.77	7.67	7.61	7.61	10.32
0146 : market_5/frame_0009.png
 Matches:	20.74	25.29	28.64	30.46	32.02	33.22	34.08	34.81	35.84	36.87
 Outlier:	23.42	29.38	34.17	37.04	39.51	41.49	42.87	43.99	45.44	46.92
EpicFlow:	17.89	18.99	18.72	19.12	19.49	19.48	19.62	22.86	26.37	26.88
 RicFlow:	20.21	19.75	19.73	20.66	19.65	19.80	19.58	20.47	21.83	22.43
 FlowSAC:	19.77	22.14	23.11	24.54	23.72	23.65	22.71	21.11	21.97	25.60
FlowSAC*:	19.60	22.06	23.06	22.60	19.91	21.27	22.59	20.37	21.75	24.53
0147 : market_5/frame_0010.png
 Matches:	21.14	26.80	30.89	32.89	34.39	35.52	36.26	36.76	37.43	37.90
 Outlier:	30.81	36.98	41.67	44.35	46.30	47.72	48.65	49.30	50.15	50.70
EpicFlow:	18.86	20.20	19.23	18.11	18.21	18.91	23.73	25.64	26.88	27.29
 RicFlow:	13.84	17.57	19.57	19.10	19.80	20.99	21.11	22.42	22.48	28.03
 FlowSAC:	15.19	13.95	18.66	15.51	16.39	14.99	15.03	16.64	15.20	15.90
FlowSAC*:	15.48	13.76	19.80	18.66	15.82	17.67	14.92	18.00	15.20	18.72
0148 : market_5/frame_0011.png
 Matches:	18.78	23.25	26.67	28.51	30.01	31.09	31.78	32.31	33.24	34.29
 Outlier:	30.71	36.61	41.76	44.59	46.80	48.30	49.29	50.07	51.41	52.84
EpicFlow:	27.03	34.01	35.18	34.79	34.29	35.20	34.32	33.20	34.47	34.09
 RicFlow:	25.86	33.41	31.17	30.09	29.12	30.70	28.85	29.35	30.38	31.70
 FlowSAC:	22.95	27.51	25.85	26.80	30.52	26.08	22.27	21.89	21.35	24.94
FlowSAC*:	23.24	26.27	22.72	23.93	24.37	19.75	23.07	25.06	21.77	21.52
0149 : market_5/frame_0012.png
 Matches:	21.48	26.30	29.67	31.31	32.70	33.81	34.67	35.19	35.94	36.53
 Outlier:	28.76	34.12	38.73	41.13	43.16	44.72	45.84	46.54	47.52	48.31
EpicFlow:	20.68	21.55	26.53	30.34	31.67	25.87	26.98	26.92	25.72	33.54
 RicFlow:	23.46	23.19	23.28	26.81	29.01	26.48	24.72	30.81	25.77	32.59
 FlowSAC:	23.39	24.36	24.90	24.94	23.44	22.96	21.83	21.83	22.33	20.47
FlowSAC*:	24.44	22.33	24.81	25.03	23.30	22.91	21.75	21.10	21.36	20.58
0150 : market_5/frame_0013.png
 Matches:	23.64	28.63	32.02	33.75	35.26	36.49	37.38	38.12	39.24	40.20
 Outlier:	22.21	28.38	33.24	35.83	38.09	39.92	41.21	42.31	43.86	45.11
EpicFlow:	20.03	19.13	17.85	17.32	17.30	17.43	18.00	18.09	18.35	19.55
 RicFlow:	18.38	17.77	18.30	18.68	18.26	18.84	21.50	21.29	21.09	22.07
 FlowSAC:	20.20	17.29	17.49	16.89	17.41	17.52	16.92	17.33	17.40	18.20
FlowSAC*:	20.07	17.28	17.32	17.85	18.11	19.79	16.88	17.30	17.38	19.38
0151 : market_5/frame_0014.png
 Matches:	25.83	30.28	33.19	34.60	35.67	36.55	37.11	37.67	38.62	39.31
 Outlier:	22.07	27.04	30.91	33.04	34.62	35.98	36.86	37.70	39.04	39.91
EpicFlow:	10.72	11.11	13.90	17.23	18.27	18.29	18.42	18.85	19.10	19.97
 RicFlow:	11.22	11.85	11.97	12.01	12.25	11.66	12.00	11.83	13.79	14.37
 FlowSAC:	11.59	11.70	11.96	12.18	11.65	11.80	12.52	12.12	13.08	12.17
FlowSAC*:	11.63	12.33	12.15	12.12	12.17	12.11	12.07	12.47	12.42	12.04
0152 : market_5/frame_0015.png
 Matches:	27.92	32.87	36.09	37.60	38.63	39.34	39.88	40.40	41.10	41.69
 Outlier:	24.83	30.40	34.37	36.22	37.62	38.62	39.33	40.05	41.03	41.79
EpicFlow:	8.03	7.83	8.11	8.56	9.08	9.48	9.95	10.43	11.72	13.71
 RicFlow:	7.53	7.34	8.03	8.78	9.82	10.70	11.73	12.25	13.28	12.42
 FlowSAC:	7.86	7.95	9.83	8.17	10.07	9.22	9.51	10.16	9.64	9.77
FlowSAC*:	7.95	8.61	10.11	10.04	8.67	10.50	9.99	8.93	9.89	10.17
0153 : market_5/frame_0016.png
 Matches:	31.35	35.55	38.01	39.28	40.41	41.22	41.77	42.24	43.03	43.75
 Outlier:	18.39	22.22	25.42	27.27	28.78	29.81	30.57	31.24	32.34	33.37
EpicFlow:	6.56	6.82	6.79	8.41	10.11	13.35	12.19	12.54	12.38	12.23
 RicFlow:	6.29	6.54	7.48	7.48	8.39	8.15	8.84	8.99	9.04	10.18
 FlowSAC:	6.32	6.71	6.77	6.94	10.29	6.84	6.77	11.05	7.12	7.17
FlowSAC*:	6.21	6.31	6.45	6.88	6.29	6.40	6.87	6.92	6.88	6.94
0154 : market_5/frame_0017.png
 Matches:	29.83	33.78	35.96	37.24	38.42	39.55	40.28	40.83	41.69	42.37
 Outlier:	16.86	20.27	23.21	25.27	27.12	28.79	29.78	30.45	31.63	32.64
EpicFlow:	8.34	7.80	7.95	16.48	22.40	22.77	22.72	22.59	27.42	27.47
 RicFlow:	8.18	8.42	7.90	8.42	7.86	8.80	13.31	13.83	12.60	15.27
 FlowSAC:	8.42	8.54	8.17	8.39	7.99	8.60	8.44	8.39	8.03	8.04
FlowSAC*:	8.83	7.98	8.16	8.36	8.26	8.71	8.40	9.30	8.08	8.05
0155 : market_5/frame_0018.png
 Matches:	24.63	28.44	31.36	33.10	34.77	36.10	36.94	37.47	38.16	38.76
 Outlier:	17.87	23.78	29.07	32.01	34.76	36.85	38.05	38.86	39.83	40.68
EpicFlow:	14.65	14.71	13.03	13.17	13.99	14.17	14.81	14.85	14.83	14.90
 RicFlow:	13.20	13.72	14.79	14.37	14.65	14.96	14.23	15.51	13.99	14.51
 FlowSAC:	15.77	17.40	16.69	15.01	17.66	16.61	15.64	15.46	17.02	20.34
FlowSAC*:	16.86	17.44	16.88	15.45	20.66	21.57	17.56	16.11	21.69	19.13
0156 : market_5/frame_0019.png
 Matches:	20.65	23.88	26.35	27.83	29.04	30.09	30.98	31.81	33.22	34.28
 Outlier:	18.19	24.00	29.36	32.67	35.29	37.40	39.08	40.61	43.09	44.81
EpicFlow:	18.81	21.66	21.57	21.16	20.85	26.98	27.94	29.93	30.94	31.33
 RicFlow:	23.57	21.19	23.27	22.98	22.86	22.27	26.83	27.47	28.07	34.76
 FlowSAC:	26.80	22.70	23.87	24.30	22.01	26.93	27.45	30.70	29.06	24.23
FlowSAC*:	26.71	22.66	24.25	24.42	23.39	26.96	22.23	29.77	23.13	24.51
0157 : market_5/frame_0020.png
 Matches:	18.19	21.19	23.65	25.33	27.04	28.62	29.95	30.94	32.51	33.62
 Outlier:	21.65	27.49	33.55	37.42	41.08	44.16	46.58	48.23	50.66	52.27
EpicFlow:	30.83	31.03	35.93	39.71	40.75	41.21	41.16	40.66	41.79	41.71
 RicFlow:	32.66	29.40	30.07	35.28	34.63	40.65	43.43	43.48	42.91	43.89
 FlowSAC:	34.20	32.86	32.88	33.08	32.35	31.43	34.75	33.38	35.47	36.86
FlowSAC*:	33.86	33.65	32.04	33.99	34.10	32.43	34.60	33.19	34.96	34.35
0158 : market_5/frame_0021.png
 Matches:	20.99	24.46	27.23	29.09	30.75	32.47	33.65	34.36	35.44	36.33
 Outlier:	22.09	28.76	34.65	38.21	41.19	43.98	45.64	46.63	48.10	49.23
EpicFlow:	17.44	17.28	19.97	19.93	20.01	18.72	18.83	19.50	20.66	24.00
 RicFlow:	20.39	22.26	21.57	21.14	23.67	27.92	28.81	28.24	23.77	23.04
 FlowSAC:	17.29	16.79	17.62	18.40	18.88	18.54	17.41	18.73	19.14	20.01
FlowSAC*:	19.17	16.91	17.55	17.73	18.46	18.67	16.97	19.60	18.82	19.97
0159 : market_5/frame_0022.png
 Matches:	22.55	25.83	28.55	30.45	32.14	33.54	34.65	35.53	36.65	37.28
 Outlier:	20.07	25.85	31.20	34.72	37.61	39.92	41.62	42.95	44.64	45.56
EpicFlow:	18.02	18.48	21.72	21.75	21.09	20.00	19.70	17.54	15.93	15.97
 RicFlow:	20.44	18.49	19.25	19.56	21.08	20.21	19.75	20.26	20.51	19.35
 FlowSAC:	23.19	21.66	24.80	21.94	17.87	24.05	20.47	23.74	23.17	20.53
FlowSAC*:	22.87	21.73	23.22	24.64	17.66	23.68	20.22	24.40	21.81	21.76
0160 : market_5/frame_0023.png
 Matches:	24.44	28.21	31.23	33.29	35.06	36.76	37.90	38.70	39.68	40.41
 Outlier:	21.52	26.82	31.86	35.27	37.86	40.21	41.62	42.58	43.86	44.85
EpicFlow:	19.81	26.23	27.43	29.14	29.65	34.18	32.13	31.29	32.35	33.90
 RicFlow:	18.69	18.43	23.61	25.56	31.17	31.41	32.05	32.23	32.24	34.83
 FlowSAC:	19.70	14.55	19.68	14.56	16.21	14.97	15.52	16.82	15.33	17.67
FlowSAC*:	16.64	14.89	19.65	14.40	16.22	18.18	16.10	17.04	15.31	17.67
0161 : market_5/frame_0024.png
 Matches:	27.80	31.67	34.31	35.89	37.25	38.41	39.27	39.89	40.74	41.62
 Outlier:	17.53	22.33	26.26	28.63	30.66	32.36	33.66	34.56	35.71	36.81
EpicFlow:	9.46	10.15	10.24	10.27	10.42	10.54	10.69	11.11	11.16	11.61
 RicFlow:	10.61	10.65	10.54	10.65	10.62	10.78	10.62	10.88	11.51	11.94
 FlowSAC:	20.24	18.59	8.81	9.25	9.19	8.94	9.49	9.30	8.58	8.46
FlowSAC*:	9.44	9.25	8.81	8.88	9.45	9.20	9.56	9.36	9.07	8.86
0162 : market_5/frame_0025.png
 Matches:	29.59	32.99	35.66	37.10	38.26	39.31	40.22	41.00	42.08	42.55
 Outlier:	15.82	20.11	24.05	26.24	28.15	29.84	31.27	32.38	33.85	34.44
EpicFlow:	8.10	6.94	6.54	6.75	5.96	6.02	5.78	5.69	5.47	5.53
 RicFlow:	7.59	7.80	7.98	9.86	9.92	6.73	6.93	6.91	6.43	6.40
 FlowSAC:	8.55	9.39	7.01	7.51	6.57	9.93	6.71	9.59	6.64	8.50
FlowSAC*:	10.23	10.51	9.86	9.42	11.83	9.85	9.43	9.76	8.54	8.94
0163 : market_5/frame_0026.png
 Matches:	31.15	34.84	37.46	38.98	40.23	41.47	42.43	43.07	43.84	44.32
 Outlier:	15.19	19.43	23.44	25.90	27.95	29.73	31.21	32.16	33.17	33.76
EpicFlow:	9.49	12.04	11.57	11.16	10.46	10.80	10.89	11.61	11.27	11.70
 RicFlow:	9.59	9.73	9.86	11.22	12.32	13.46	12.91	12.84	12.91	13.55
 FlowSAC:	9.15	9.24	9.34	8.95	8.97	9.24	9.00	9.14	9.40	9.55
FlowSAC*:	9.15	9.30	9.20	9.05	9.03	9.22	9.12	9.02	9.77	9.65
0164 : market_5/frame_0027.png
 Matches:	31.23	35.13	38.03	39.78	41.41	43.00	44.01	44.47	45.09	45.76
 Outlier:	15.86	20.39	24.53	27.22	29.72	32.08	33.49	34.06	34.78	35.63
EpicFlow:	6.46	6.40	6.31	5.50	6.02	6.43	6.23	6.33	6.73	6.99
 RicFlow:	6.47	6.74	5.29	5.69	6.67	6.59	6.94	6.86	7.22	7.41
 FlowSAC:	5.64	6.08	5.22	4.54	5.42	5.28	6.90	5.39	5.41	5.86
FlowSAC*:	5.26	6.03	5.00	5.16	11.42	5.40	11.91	4.38	5.35	5.25
0165 : market_5/frame_0028.png
 Matches:	31.36	35.49	38.36	40.07	41.71	43.06	44.03	44.68	45.45	45.79
 Outlier:	16.91	21.27	25.05	27.58	30.08	32.03	33.37	34.27	35.31	35.76
EpicFlow:	9.48	6.27	5.93	5.37	5.23	5.28	5.58	5.58	5.61	5.43
 RicFlow:	8.17	7.97	8.02	8.17	8.13	8.19	9.26	8.68	7.74	6.67
 FlowSAC:	7.26	6.56	5.44	6.83	6.65	6.49	7.02	6.76	4.64	4.60
FlowSAC*:	7.09	6.38	6.58	6.75	6.55	6.79	6.91	6.81	4.79	4.46
0166 : market_5/frame_0029.png
 Matches:	30.71	34.98	38.01	39.67	41.20	42.78	43.70	44.36	45.09	45.65
 Outlier:	16.28	20.56	24.53	26.97	29.11	31.33	32.61	33.45	34.27	34.92
EpicFlow:	22.95	23.11	23.14	23.27	22.60	20.66	23.93	19.06	18.65	18.42
 RicFlow:	23.31	23.52	23.35	24.99	24.15	19.59	17.79	17.77	16.98	15.76
 FlowSAC:	23.11	24.49	24.75	25.04	25.15	25.13	24.85	9.76	11.47	14.58
FlowSAC*:	23.05	24.44	24.50	25.08	24.83	24.88	22.12	10.14	13.78	14.52
0167 : market_5/frame_0030.png
 Matches:	32.84	37.50	40.89	42.64	44.13	45.13	45.63	46.07	46.64	47.05
 Outlier:	14.49	18.90	23.29	25.66	27.70	29.10	29.72	30.31	31.09	31.63
EpicFlow:	5.44	5.66	5.35	5.47	5.65	5.69	5.69	5.82	6.01	6.03
 RicFlow:	7.60	5.09	5.42	5.50	5.76	5.56	5.59	5.67	5.76	5.84
 FlowSAC:	5.21	4.79	5.18	5.09	5.11	5.12	5.30	5.22	5.29	5.18
FlowSAC*:	5.69	4.74	5.07	5.10	5.08	5.01	5.20	5.23	5.13	5.10
0168 : market_5/frame_0031.png
 Matches:	32.00	36.84	40.13	41.87	43.43	44.66	45.39	45.71	46.45	46.92
 Outlier:	15.30	19.67	23.69	26.04	28.21	29.85	30.79	31.08	31.79	32.30
EpicFlow:	9.80	9.81	9.81	9.73	9.76	9.76	9.84	9.90	9.93	10.07
 RicFlow:	9.99	10.06	10.14	10.17	10.27	10.16	10.12	10.33	10.37	10.34
 FlowSAC:	9.74	9.70	9.70	9.50	9.48	9.51	9.74	9.51	9.60	9.55
FlowSAC*:	9.68	9.58	9.69	9.62	9.52	9.66	9.69	9.66	9.58	9.56
0169 : market_5/frame_0042.png
 Matches:	36.19	39.91	42.05	43.26	44.43	45.31	45.97	46.28	47.11	47.51
 Outlier:	10.36	13.98	17.10	19.02	20.85	22.14	23.13	23.61	24.87	25.45
EpicFlow:	2.63	3.49	3.73	3.75	4.20	4.41	4.58	4.63	4.98	5.01
 RicFlow:	2.58	2.79	2.72	2.79	3.10	3.34	3.45	3.37	3.90	4.15
 FlowSAC:	3.01	2.84	3.31	3.41	3.21	3.31	3.33	3.52	3.19	3.63
FlowSAC*:	2.95	2.74	3.08	3.37	3.14	2.99	3.30	3.46	3.41	3.44
0170 : market_5/frame_0044.png
 Matches:	33.30	37.00	39.24	40.68	41.95	42.89	43.46	43.97	44.72	45.33
 Outlier:	12.08	16.29	19.73	21.87	23.71	24.95	25.79	26.57	27.73	28.66
EpicFlow:	4.84	4.75	4.98	5.17	5.30	5.46	5.66	6.02	6.16	7.61
 RicFlow:	4.52	4.36	4.37	4.26	4.49	4.33	4.46	4.56	5.55	6.03
 FlowSAC:	8.32	8.58	6.19	6.06	5.96	7.21	6.14	5.78	6.25	5.82
FlowSAC*:	5.59	5.43	6.28	6.17	5.99	5.78	6.19	5.65	5.26	5.57
0171 : market_5/frame_0045.png
 Matches:	30.60	34.46	37.00	38.35	39.44	40.16	40.83	41.28	41.99	42.81
 Outlier:	13.13	17.52	21.46	23.61	25.34	26.47	27.45	28.20	29.22	30.33
EpicFlow:	6.22	6.19	7.07	7.15	7.81	8.04	8.00	8.57	9.36	9.43
 RicFlow:	5.83	5.75	5.78	6.05	6.58	6.94	7.12	7.72	7.52	7.54
 FlowSAC:	7.93	9.27	9.44	9.83	9.59	9.48	9.39	9.87	8.92	9.11
FlowSAC*:	7.78	8.91	9.34	9.72	9.55	9.32	9.34	9.46	8.90	9.22
0172 : market_5/frame_0046.png
 Matches:	28.14	31.99	34.66	36.17	37.27	38.17	38.76	39.30	40.42	41.23
 Outlier:	12.57	17.65	22.04	24.54	26.35	27.77	28.69	29.51	30.90	31.91
EpicFlow:	6.31	7.40	8.28	8.46	8.66	9.81	9.37	9.36	9.33	8.89
 RicFlow:	6.73	7.63	7.13	7.09	7.38	8.08	8.19	8.37	7.64	9.24
 FlowSAC:	6.66	7.80	8.17	7.13	7.91	7.36	7.59	7.73	7.26	9.39
FlowSAC*:	6.59	7.64	8.29	6.89	7.24	7.79	7.58	7.87	7.26	8.41
0173 : market_5/frame_0047.png
 Matches:	29.24	33.38	35.89	37.13	38.25	39.00	39.51	39.93	40.58	41.21
 Outlier:	13.23	18.21	22.21	24.36	26.33	27.53	28.29	28.94	29.97	31.01
EpicFlow:	14.84	15.63	12.00	13.71	12.67	12.41	12.98	12.68	13.31	13.65
 RicFlow:	15.52	15.41	13.30	12.92	13.22	13.25	12.93	13.76	14.49	14.23
 FlowSAC:	7.92	7.83	8.00	7.56	6.82	7.02	7.27	7.01	7.57	7.12
FlowSAC*:	8.18	8.37	7.91	8.29	6.74	7.02	7.15	6.79	7.41	7.15
0174 : market_5/frame_0048.png
 Matches:	29.69	34.01	36.82	38.23	39.26	39.94	40.32	40.60	41.16	41.66
 Outlier:	13.20	18.76	22.78	24.94	26.59	27.72	28.33	28.80	29.70	30.53
EpicFlow:	15.40	16.13	17.93	18.38	18.39	19.23	18.68	19.27	19.62	20.09
 RicFlow:	12.90	14.41	14.69	16.22	16.78	17.08	16.39	16.90	17.21	17.57
 FlowSAC:	14.24	13.56	13.25	13.32	16.96	16.65	12.95	13.41	15.07	14.05
FlowSAC*:	19.84	12.20	11.98	13.19	17.12	16.67	13.60	15.67	15.08	15.46
0175 : market_5/frame_0049.png
 Matches:	29.54	33.69	36.57	37.94	38.97	39.75	40.34	40.66	41.13	41.56
 Outlier:	13.22	18.33	22.88	25.23	26.94	28.11	29.05	29.56	30.23	30.90
EpicFlow:	14.70	15.79	16.56	17.29	16.19	17.30	16.13	16.28	16.40	15.99
 RicFlow:	14.50	13.68	14.30	13.98	14.18	14.01	14.48	14.14	15.56	14.10
 FlowSAC:	27.23	25.25	26.02	25.03	26.14	26.32	25.25	24.48	25.66	25.54
FlowSAC*:	27.25	25.15	26.79	24.49	25.28	26.41	25.25	24.47	25.67	25.47
0176 : market_6/frame_0001.png
 Matches:	33.14	36.03	37.98	39.05	40.11	41.22	41.97	42.53	43.39	43.95
 Outlier:	10.94	15.04	18.36	20.21	22.01	23.92	25.07	25.85	27.10	27.82
EpicFlow:	2.97	3.10	3.24	3.33	3.42	3.58	3.65	3.78	3.99	4.49
 RicFlow:	3.04	3.16	3.41	3.55	3.49	3.75	3.82	3.80	3.83	4.15
 FlowSAC:	2.87	2.79	2.86	2.84	2.90	2.90	2.99	2.88	2.99	2.91
FlowSAC*:	2.84	2.80	2.91	2.81	2.93	3.06	3.07	3.10	2.99	2.99
0177 : market_6/frame_0002.png
 Matches:	32.94	35.95	37.92	38.97	39.96	40.92	41.53	41.96	42.61	43.07
 Outlier:	11.44	15.29	18.39	20.16	21.74	23.34	24.28	24.90	25.87	26.62
EpicFlow:	3.59	3.15	3.34	3.48	3.49	3.59	3.77	3.70	3.79	4.06
 RicFlow:	3.17	3.31	3.62	3.59	3.52	3.69	3.73	3.72	3.82	3.88
 FlowSAC:	3.17	2.71	2.77	2.71	2.71	2.64	2.86	2.44	2.87	2.70
FlowSAC*:	3.02	2.86	2.80	2.93	2.79	2.67	2.83	2.79	2.88	2.82
0178 : market_6/frame_0003.png
 Matches:	33.10	36.14	38.08	39.15	40.04	40.76	41.23	41.63	42.37	42.84
 Outlier:	11.97	15.89	19.14	20.91	22.33	23.51	24.23	24.88	26.10	26.90
EpicFlow:	4.16	4.58	4.73	4.84	4.90	4.99	5.06	5.16	5.45	5.50
 RicFlow:	3.85	4.38	4.94	4.77	4.90	4.97	5.51	5.40	5.59	5.58
 FlowSAC:	3.79	3.62	3.46	3.48	3.32	4.02	3.48	3.54	3.61	3.76
FlowSAC*:	4.22	4.01	4.03	4.20	3.97	4.42	3.85	3.91	4.10	4.12
0179 : market_6/frame_0004.png
 Matches:	34.47	37.25	38.93	39.74	40.47	40.99	41.45	41.76	42.27	42.65
 Outlier:	10.57	14.03	16.66	18.01	19.23	20.16	20.94	21.48	22.36	23.04
EpicFlow:	4.18	4.41	4.95	7.19	7.30	7.43	7.72	8.00	8.41	8.75
 RicFlow:	4.34	4.63	4.81	4.97	4.87	5.00	5.41	5.07	5.61	5.82
 FlowSAC:	3.88	3.59	3.89	3.73	3.96	3.73	3.65	3.54	3.84	3.78
FlowSAC*:	3.96	4.03	3.95	3.82	4.20	3.99	3.94	3.60	3.87	3.98
0180 : market_6/frame_0005.png
 Matches:	33.83	36.57	38.06	38.76	39.49	40.16	40.81	41.28	41.96	42.61
 Outlier:	10.62	13.95	16.54	17.77	19.05	20.26	21.39	22.26	23.52	24.67
EpicFlow:	4.14	4.26	4.34	4.80	5.24	5.78	6.07	13.08	14.24	15.36
 RicFlow:	3.80	4.22	4.95	5.01	5.32	5.57	5.74	6.02	7.01	7.22
 FlowSAC:	3.86	3.83	3.82	3.89	3.93	3.89	3.71	3.79	4.02	4.10
FlowSAC*:	3.87	3.87	3.94	3.97	3.95	3.92	3.90	3.94	4.16	4.13
0181 : market_6/frame_0006.png
 Matches:	34.58	37.31	38.88	39.67	40.29	40.99	41.49	41.92	42.47	42.80
 Outlier:	10.38	13.77	16.45	17.82	18.85	20.02	20.89	21.62	22.53	23.13
EpicFlow:	4.27	16.94	17.78	17.18	15.17	15.52	15.78	15.90	19.30	20.93
 RicFlow:	4.37	4.67	4.82	5.63	5.71	6.80	9.14	6.31	17.57	18.33
 FlowSAC:	3.76	4.02	4.03	3.95	3.92	4.00	3.92	3.96	3.74	3.85
FlowSAC*:	3.77	4.00	4.30	4.30	4.18	4.02	4.39	3.95	4.25	4.22
0182 : market_6/frame_0007.png
 Matches:	34.67	37.32	38.91	39.62	40.26	40.94	41.46	41.82	42.29	42.68
 Outlier:	11.00	14.20	16.64	17.79	18.87	19.94	20.87	21.49	22.27	22.96
EpicFlow:	9.39	10.18	9.97	10.13	10.53	10.13	10.52	11.96	12.07	12.38
 RicFlow:	4.39	5.55	6.25	6.67	6.70	6.89	8.54	7.42	8.05	7.89
 FlowSAC:	3.60	3.76	3.61	3.99	3.79	3.85	3.73	4.03	3.93	3.69
FlowSAC*:	3.65	3.77	3.59	4.29	3.85	4.07	3.94	4.18	3.90	4.07
0183 : market_6/frame_0008.png
 Matches:	34.19	36.72	38.26	39.04	39.76	40.64	41.25	41.68	42.15	42.82
 Outlier:	11.09	14.57	17.10	18.47	19.74	21.28	22.37	23.10	23.89	25.08
EpicFlow:	4.75	8.19	8.86	9.11	9.50	9.57	9.86	10.21	10.53	11.94
 RicFlow:	4.35	4.70	6.15	6.17	6.52	6.66	6.72	6.84	7.18	7.80
 FlowSAC:	3.77	3.81	3.88	4.15	4.30	4.27	4.42	4.06	3.75	4.04
FlowSAC*:	3.94	4.31	3.86	4.39	4.39	4.67	4.75	4.39	4.08	4.21
0184 : market_6/frame_0009.png
 Matches:	34.80	37.30	38.88	39.75	40.49	41.06	41.38	41.57	42.00	42.55
 Outlier:	11.17	14.51	17.17	18.60	19.91	20.88	21.40	21.74	22.51	23.50
EpicFlow:	5.43	5.65	6.05	6.07	6.65	6.89	7.32	7.60	8.78	8.54
 RicFlow:	4.33	5.14	5.52	5.70	6.41	6.64	6.75	6.60	7.41	7.73
 FlowSAC:	3.43	3.89	3.58	3.70	3.36	3.66	3.84	4.00	3.89	3.57
FlowSAC*:	3.51	3.95	3.76	3.85	3.71	3.75	3.83	4.28	4.04	3.56
0185 : market_6/frame_0010.png
 Matches:	34.96	37.45	38.98	39.79	40.48	41.00	41.28	41.57	42.05	42.58
 Outlier:	11.61	14.97	17.55	18.82	19.91	20.69	21.15	21.60	22.43	23.37
EpicFlow:	4.24	4.47	4.58	4.64	4.71	4.88	5.12	5.23	5.91	6.70
 RicFlow:	4.19	4.49	5.09	5.05	5.21	5.26	5.60	5.80	6.41	6.54
 FlowSAC:	3.76	3.69	3.68	3.94	3.46	3.63	3.99	3.77	3.80	3.40
FlowSAC*:	3.78	3.70	3.75	4.08	3.68	3.72	3.97	3.79	3.81	3.41
0186 : market_6/frame_0011.png
 Matches:	34.30	36.43	37.60	38.21	38.60	38.97	39.34	39.60	40.19	40.64
 Outlier:	9.87	12.67	14.54	15.54	16.25	16.97	17.72	18.21	19.23	20.06
EpicFlow:	4.33	4.84	4.85	5.15	5.09	4.98	5.07	5.36	6.05	6.39
 RicFlow:	4.28	4.19	4.82	4.85	5.08	4.96	4.99	5.20	5.75	6.16
 FlowSAC:	4.24	4.28	4.19	4.09	4.14	4.45	4.32	4.22	4.26	4.32
FlowSAC*:	4.32	4.42	4.36	3.93	4.14	4.36	4.32	4.24	4.18	4.34
0187 : market_6/frame_0012.png
 Matches:	34.59	36.83	38.03	38.62	39.11	39.53	39.77	39.92	40.23	40.52
 Outlier:	9.86	12.44	14.40	15.42	16.34	17.17	17.65	17.95	18.56	19.14
EpicFlow:	3.44	3.61	7.38	7.57	7.71	7.87	8.61	8.54	13.95	14.07
 RicFlow:	3.51	3.65	3.55	3.70	4.67	8.32	8.37	7.00	9.01	9.92
 FlowSAC:	3.73	3.30	7.96	6.92	7.20	7.62	7.79	7.97	7.25	7.57
FlowSAC*:	3.96	3.28	7.96	7.18	7.17	6.75	7.46	7.73	7.00	7.32
0188 : market_6/frame_0015.png
 Matches:	36.55	38.96	40.37	41.10	41.74	42.21	42.72	43.14	43.44	43.69
 Outlier:	11.57	14.10	16.23	17.42	18.38	19.20	20.07	20.80	21.31	21.77
EpicFlow:	6.02	5.87	5.80	5.67	5.81	5.79	5.20	4.97	5.20	6.12
 RicFlow:	6.34	6.42	6.44	6.49	6.49	6.58	6.52	6.50	6.20	6.10
 FlowSAC:	5.13	5.50	5.08	6.30	5.23	4.61	3.97	5.28	4.52	6.15
FlowSAC*:	5.98	6.10	5.07	6.04	6.05	5.34	5.45	5.30	5.72	6.17
0189 : market_6/frame_0029.png
 Matches:	36.06	38.98	40.84	41.76	42.55	43.18	43.75	44.28	45.00	45.55
 Outlier:	9.18	12.55	15.35	16.74	18.05	19.07	20.00	20.89	22.02	22.93
EpicFlow:	5.17	5.48	6.03	6.55	6.69	6.53	6.38	6.58	7.05	7.13
 RicFlow:	4.99	5.26	5.39	5.51	5.89	5.85	6.26	6.12	6.54	7.01
 FlowSAC:	4.94	4.68	4.88	6.35	5.92	6.94	6.44	5.25	5.40	5.48
FlowSAC*:	5.13	5.90	6.26	6.27	8.20	6.67	6.23	6.64	6.20	6.18
0190 : market_6/frame_0030.png
 Matches:	36.26	39.27	41.41	42.57	43.58	44.32	44.86	45.44	46.12	46.92
 Outlier:	9.92	13.26	16.47	18.31	19.87	21.03	21.86	22.80	23.88	25.13
EpicFlow:	3.48	3.70	3.85	3.87	4.01	4.17	4.24	4.36	4.68	5.17
 RicFlow:	3.27	3.24	3.29	3.38	3.46	3.28	3.47	3.54	4.00	4.99
 FlowSAC:	3.04	3.46	3.45	3.49	3.58	3.51	3.55	3.74	3.64	3.80
FlowSAC*:	3.05	3.30	3.37	3.34	3.40	3.44	3.49	3.48	3.50	3.46
0191 : market_6/frame_0032.png
 Matches:	36.77	39.58	41.64	42.79	43.79	44.73	45.37	45.88	46.52	46.79
 Outlier:	10.76	13.92	16.94	18.72	20.27	21.66	22.61	23.40	24.31	24.68
EpicFlow:	4.17	4.57	4.76	4.82	4.92	5.04	5.11	5.18	5.32	5.39
 RicFlow:	3.00	3.73	3.79	4.09	4.35	4.43	4.59	4.65	4.76	4.78
 FlowSAC:	3.07	3.01	3.31	3.31	3.33	3.42	3.59	3.53	3.54	3.64
FlowSAC*:	3.18	3.04	3.13	3.17	3.18	3.30	3.27	3.26	3.30	3.36
0192 : market_6/frame_0033.png
 Matches:	37.42	40.05	41.76	42.75	43.49	44.16	44.78	45.36	46.08	46.40
 Outlier:	8.63	11.72	14.44	16.07	17.30	18.35	19.33	20.22	21.31	21.80
EpicFlow:	3.59	3.99	4.56	4.74	4.77	4.79	4.83	4.85	4.88	4.95
 RicFlow:	3.71	3.34	3.76	4.07	4.12	3.93	3.71	3.84	4.04	4.44
 FlowSAC:	3.36	3.57	3.27	3.52	3.55	3.39	3.42	3.46	3.77	3.95
FlowSAC*:	3.22	3.22	3.27	3.29	3.36	3.31	3.30	3.33	3.37	3.59
0193 : temple_2/frame_0019.png
 Matches:	37.74	39.81	41.19	41.97	42.62	43.04	43.32	43.47	43.57	43.87
 Outlier:	9.19	11.31	13.22	14.43	15.60	16.36	16.88	17.15	17.32	17.83
EpicFlow:	11.35	11.56	11.41	11.44	11.39	11.58	11.75	11.74	12.02	12.50
 RicFlow:	12.03	12.47	13.13	12.76	12.86	13.69	14.01	13.53	13.20	13.33
 FlowSAC:	11.69	12.97	12.98	12.94	12.50	12.88	11.77	13.00	11.61	12.34
FlowSAC*:	11.53	11.71	12.97	12.96	12.88	12.70	11.66	12.88	11.69	12.20
0194 : temple_2/frame_0021.png
 Matches:	39.61	42.04	43.32	44.25	45.04	45.56	45.91	46.07	46.52	46.77
 Outlier:	9.87	12.43	14.35	15.64	16.86	17.69	18.27	18.54	19.33	19.74
EpicFlow:	3.15	3.34	3.50	3.57	3.59	3.71	3.80	3.79	3.99	3.98
 RicFlow:	3.30	3.37	3.41	3.42	3.47	3.52	3.51	3.58	4.09	4.19
 FlowSAC:	2.76	3.18	3.24	3.30	3.33	3.25	3.73	3.65	3.83	3.91
FlowSAC*:	2.88	3.26	3.27	3.42	3.30	3.25	3.37	3.58	3.57	3.70
0195 : temple_2/frame_0022.png
 Matches:	38.77	41.41	42.89	44.04	44.84	45.36	45.64	45.86	46.11	46.42
 Outlier:	10.38	13.26	15.52	17.23	18.32	19.17	19.63	20.00	20.41	20.93
EpicFlow:	3.49	3.65	3.85	4.72	4.91	5.07	5.12	5.22	5.17	5.19
 RicFlow:	4.00	4.17	4.45	4.60	4.74	4.69	4.93	5.00	4.96	5.19
 FlowSAC:	3.06	3.29	3.57	4.38	4.67	4.67	4.74	4.81	4.74	4.99
FlowSAC*:	3.19	3.20	3.55	4.20	4.23	4.32	4.25	4.43	4.31	4.40
0196 : temple_2/frame_0023.png
 Matches:	38.63	41.42	43.05	44.19	44.90	45.37	45.64	45.83	46.12	46.28
 Outlier:	10.24	12.59	15.02	16.67	17.68	18.41	18.84	19.13	19.56	19.79
EpicFlow:	5.60	5.64	5.63	5.61	5.60	5.60	5.72	5.80	6.08	6.08
 RicFlow:	5.07	5.09	5.12	5.16	5.16	5.15	5.35	5.35	5.49	5.73
 FlowSAC:	5.08	5.65	5.56	5.38	5.10	5.44	5.38	5.46	5.79	5.99
FlowSAC*:	5.12	5.67	5.37	5.31	5.24	5.43	5.38	5.43	5.37	5.37
0197 : temple_2/frame_0024.png
 Matches:	35.67	38.05	39.57	40.53	41.35	42.08	42.52	42.85	43.35	43.71
 Outlier:	7.77	10.51	12.96	14.59	15.88	17.12	17.87	18.43	19.22	19.83
EpicFlow:	8.63	8.77	8.70	8.61	8.57	8.68	9.09	9.86	10.64	10.69
 RicFlow:	9.44	9.54	9.67	9.75	10.09	10.57	10.81	11.50	11.86	11.94
 FlowSAC:	10.74	11.15	10.77	10.22	10.90	10.53	10.45	10.22	10.60	10.13
FlowSAC*:	10.78	11.05	10.71	10.27	10.61	10.33	10.36	10.11	10.21	9.77
0198 : temple_2/frame_0025.png
 Matches:	34.16	35.94	37.33	38.23	38.86	39.44	40.00	40.37	40.99	41.55
 Outlier:	6.39	8.81	11.42	13.13	14.37	15.46	16.49	17.24	18.43	19.45
EpicFlow:	13.76	36.46	26.74	37.90	37.90	34.89	34.29	36.79	33.99	36.59
 RicFlow:	29.54	28.37	30.15	32.51	32.53	32.32	32.33	32.32	32.68	33.82
 FlowSAC:	27.74	40.63	43.25	39.50	37.77	37.20	26.93	27.75	28.47	31.86
FlowSAC*:	27.57	43.49	41.26	41.60	33.46	33.73	27.00	28.49	29.68	36.52
0199 : temple_2/frame_0026.png
 Matches:	37.47	39.65	41.10	41.98	42.71	43.43	43.97	44.35	44.93	45.36
 Outlier:	7.96	10.41	12.84	14.23	15.57	16.71	17.52	18.11	19.05	19.75
EpicFlow:	4.13	4.26	4.30	4.31	5.08	5.17	5.16	5.47	5.52	5.71
 RicFlow:	3.91	4.11	3.90	4.36	4.29	4.31	4.41	4.54	4.66	5.98
 FlowSAC:	3.42	3.51	3.44	3.71	3.57	3.55	3.63	3.90	4.79	3.83
FlowSAC*:	3.46	3.41	3.43	3.54	3.66	3.62	3.44	4.01	4.71	3.92
0200 : temple_2/frame_0027.png
 Matches:	35.86	37.53	38.82	39.65	40.41	40.97	41.39	41.81	42.41	43.22
 Outlier:	6.09	8.48	10.83	12.49	14.03	15.12	15.97	16.78	17.93	19.39
EpicFlow:	9.66	11.05	11.89	12.90	14.06	14.47	14.46	14.37	14.71	14.81
 RicFlow:	12.38	12.60	12.49	12.73	13.87	14.15	13.86	14.08	13.89	14.99
 FlowSAC:	10.10	12.94	12.32	13.39	13.74	13.81	13.87	13.88	13.98	14.57
FlowSAC*:	9.79	12.87	13.18	14.45	13.58	13.84	13.76	13.86	13.75	14.10
0201 : temple_2/frame_0028.png
 Matches:	37.60	39.29	40.22	40.83	41.45	42.08	42.48	42.87	43.49	43.88
 Outlier:	6.02	8.09	9.60	10.57	11.71	12.83	13.52	14.29	15.43	16.13
EpicFlow:	8.71	8.85	9.29	8.59	8.81	9.87	10.07	9.93	9.71	10.18
 RicFlow:	18.99	17.58	16.51	8.65	9.79	10.91	11.37	11.29	10.82	10.88
 FlowSAC:	12.25	9.80	8.85	8.94	8.55	8.98	8.19	8.49	8.05	9.15
FlowSAC*:	14.40	8.68	9.09	8.50	8.55	8.87	8.22	8.26	8.86	8.86
0202 : temple_2/frame_0029.png
 Matches:	41.12	42.81	43.85	44.43	44.93	45.27	45.49	45.62	45.82	45.99
 Outlier:	5.28	7.11	8.64	9.51	10.31	10.87	11.22	11.42	11.75	12.00
EpicFlow:	17.44	15.19	14.88	14.64	15.49	15.30	15.21	16.19	16.49	16.62
 RicFlow:	17.96	18.88	17.94	16.40	16.00	18.40	18.91	18.58	19.08	19.00
 FlowSAC:	12.77	14.41	14.20	13.04	17.29	17.13	19.01	20.89	21.47	19.11
FlowSAC*:	12.79	14.33	14.06	12.52	17.40	21.03	18.96	18.82	21.72	19.23
0203 : temple_2/frame_0030.png
 Matches:	43.92	45.15	45.83	46.27	46.65	46.86	46.94	46.96	47.02	47.06
 Outlier:	4.43	5.54	6.49	7.15	7.74	8.05	8.18	8.22	8.32	8.39
EpicFlow:	6.26	6.29	6.33	6.34	6.33	6.33	6.36	6.37	6.42	5.88
 RicFlow:	6.38	6.49	6.48	6.47	6.46	6.36	5.98	6.10	6.10	5.97
 FlowSAC:	6.28	6.29	6.32	6.33	6.31	6.35	6.42	6.39	6.37	5.68
FlowSAC*:	6.33	6.25	6.30	6.29	6.26	6.32	6.37	6.37	6.20	6.35
0204 : temple_3/frame_0001.png
 Matches:	36.67	39.83	41.78	42.76	43.44	43.96	44.28	44.54	44.93	45.59
 Outlier:	14.33	16.09	18.47	19.99	21.03	21.88	22.43	22.85	23.48	24.52
EpicFlow:	2.81	3.24	3.25	3.65	3.80	3.93	4.13	4.22	4.17	4.39
 RicFlow:	2.73	2.74	2.89	3.02	2.93	2.92	3.07	3.15	3.16	3.82
 FlowSAC:	2.79	2.51	1.78	2.40	2.56	1.89	2.71	2.58	2.54	2.60
FlowSAC*:	1.81	2.47	1.74	2.66	2.39	2.69	2.35	2.67	2.64	2.59
0205 : temple_3/frame_0020.png
 Matches:	31.64	35.20	37.21	38.45	39.36	40.29	40.85	41.23	41.89	42.28
 Outlier:	17.37	20.07	22.86	24.89	26.43	28.00	28.88	29.48	30.48	31.07
EpicFlow:	8.16	8.98	9.33	9.59	9.73	9.75	9.95	9.89	10.12	10.14
 RicFlow:	4.15	5.27	4.73	4.84	6.82	5.80	6.48	6.54	7.70	8.66
 FlowSAC:	3.59	3.78	2.78	3.97	4.27	4.33	4.41	4.61	3.79	4.09
FlowSAC*:	3.62	3.43	2.84	4.22	4.48	4.37	4.43	4.58	3.76	4.07
0206 : temple_3/frame_0021.png
 Matches:	24.55	27.93	30.00	31.42	32.21	33.11	33.86	34.47	35.91	37.06
 Outlier:	20.04	23.72	27.35	30.25	31.73	33.42	34.76	35.81	38.18	40.06
EpicFlow:	10.42	11.70	11.13	11.21	13.64	15.05	14.45	15.24	15.88	19.74
 RicFlow:	8.76	9.35	10.06	10.64	12.01	13.41	13.42	13.90	14.26	19.80
 FlowSAC:	7.03	8.12	8.02	8.75	9.19	8.45	9.53	8.88	10.71	8.82
FlowSAC*:	7.86	8.20	8.15	8.42	9.17	8.45	9.58	8.93	10.69	8.20
0207 : temple_3/frame_0022.png
 Matches:	20.33	23.70	25.94	27.15	28.19	29.17	30.07	30.79	31.87	32.78
 Outlier:	21.47	26.57	30.95	33.36	35.51	37.49	39.28	40.65	42.43	43.80
EpicFlow:	14.73	31.90	28.72	29.97	31.34	32.09	32.94	32.61	29.56	29.46
 RicFlow:	19.16	20.33	25.91	28.53	31.84	31.22	29.24	27.61	28.38	27.76
 FlowSAC:	8.65	7.92	9.89	10.16	12.07	11.35	15.83	18.55	19.40	11.75
FlowSAC*:	11.47	7.83	9.83	10.24	12.10	11.97	15.81	14.12	13.16	12.91
0208 : temple_3/frame_0023.png
 Matches:	21.95	26.27	28.79	29.95	30.83	31.56	32.14	32.69	33.67	34.44
 Outlier:	19.33	24.28	28.56	30.75	32.27	33.66	34.77	35.72	37.33	38.56
EpicFlow:	11.88	12.18	12.69	12.87	13.60	14.06	14.31	14.69	15.41	15.71
 RicFlow:	11.53	11.54	12.00	12.21	15.04	15.47	17.24	17.56	17.80	19.92
 FlowSAC:	11.65	11.29	11.35	11.17	11.04	11.46	10.87	10.92	11.09	10.73
FlowSAC*:	11.61	11.19	11.45	10.79	11.12	11.39	10.90	10.97	11.05	10.72
0209 : temple_3/frame_0024.png
 Matches:	20.99	25.45	28.18	29.42	30.44	31.30	32.04	32.63	34.05	35.30
 Outlier:	24.24	28.96	33.23	35.34	37.13	38.48	39.66	40.64	42.76	44.58
EpicFlow:	5.68	7.94	10.03	12.27	13.39	13.89	20.01	18.74	18.71	20.83
 RicFlow:	6.43	6.87	7.69	8.88	10.82	10.09	10.75	11.22	12.14	14.15
 FlowSAC:	6.46	4.94	7.21	6.92	7.41	6.80	5.59	6.85	8.22	7.19
FlowSAC*:	6.50	4.97	7.15	7.00	7.77	6.88	7.70	6.85	7.98	7.37
0210 : temple_3/frame_0025.png
 Matches:	22.70	27.26	30.10	31.52	32.71	33.68	34.35	34.90	36.05	37.16
 Outlier:	23.98	28.61	32.95	35.46	37.51	38.91	39.95	40.79	42.52	44.11
EpicFlow:	9.73	10.35	10.82	12.04	12.85	13.13	13.74	13.84	14.02	14.96
 RicFlow:	9.53	9.84	11.75	13.34	14.27	14.73	15.02	15.47	15.94	17.43
 FlowSAC:	7.41	7.77	7.73	7.66	7.64	7.74	7.82	8.02	8.33	8.53
FlowSAC*:	5.81	7.73	7.79	7.99	7.42	7.80	8.27	8.26	8.30	8.35
0211 : temple_3/frame_0026.png
 Matches:	23.11	27.54	30.19	31.58	32.66	33.69	34.44	35.08	36.73	38.16
 Outlier:	21.50	26.18	30.51	32.97	34.89	36.68	37.95	39.05	41.74	43.86
EpicFlow:	10.31	12.91	13.13	13.81	14.77	14.98	15.19	15.34	16.10	16.76
 RicFlow:	9.94	11.25	13.01	12.83	13.45	15.89	16.05	16.47	17.47	17.91
 FlowSAC:	9.80	10.27	9.55	9.71	9.59	9.43	9.47	10.39	9.92	10.54
FlowSAC*:	9.28	10.27	9.53	9.53	9.92	9.68	9.36	9.47	9.94	10.46
0212 : temple_3/frame_0027.png
 Matches:	25.75	29.89	33.02	34.49	35.73	36.90	37.91	38.58	39.98	41.01
 Outlier:	26.44	30.51	34.36	36.62	38.52	40.26	41.73	42.70	44.39	45.68
EpicFlow:	7.52	7.98	7.91	7.96	8.26	8.46	9.06	9.17	9.69	10.64
 RicFlow:	8.08	8.33	8.30	8.24	8.20	8.93	11.42	12.17	12.47	13.25
 FlowSAC:	7.78	7.39	7.62	7.30	7.45	8.30	7.91	8.07	8.27	8.20
FlowSAC*:	7.67	7.90	7.36	7.63	7.24	7.90	7.92	8.15	8.06	8.21
0213 : temple_3/frame_0028.png
 Matches:	22.28	27.14	30.36	31.88	33.25	34.48	35.35	36.08	37.57	39.17
 Outlier:	28.43	33.33	38.24	40.79	42.99	44.80	45.99	47.03	48.91	50.49
EpicFlow:	9.85	10.27	11.43	11.94	12.44	12.52	12.59	12.88	13.90	13.82
 RicFlow:	10.25	10.73	11.26	12.24	12.77	13.28	13.93	14.02	12.66	17.36
 FlowSAC:	7.33	8.70	8.69	8.60	9.36	8.70	8.44	8.87	8.40	9.17
FlowSAC*:	6.87	8.93	8.69	8.65	8.52	8.36	8.44	8.51	8.56	8.33
0214 : temple_3/frame_0029.png
 Matches:	20.77	25.24	28.42	30.03	31.43	32.59	33.48	34.18	35.21	36.02
 Outlier:	26.93	32.22	37.52	40.28	42.64	44.48	45.79	46.81	48.21	49.27
EpicFlow:	21.81	22.30	21.79	21.89	21.90	22.02	22.29	22.90	23.70	23.12
 RicFlow:	18.37	18.67	19.01	19.45	19.00	23.84	22.07	19.74	22.22	21.85
 FlowSAC:	22.58	23.87	21.22	21.79	26.47	21.41	13.20	14.18	16.00	23.42
FlowSAC*:	19.01	21.74	22.23	21.83	26.20	21.32	14.32	14.43	15.04	23.60
0215 : temple_3/frame_0030.png
 Matches:	21.03	26.09	29.62	31.39	32.90	34.25	35.22	35.95	37.18	37.96
 Outlier:	28.28	33.39	38.22	40.89	43.22	45.14	46.39	47.35	48.90	49.89
EpicFlow:	32.78	33.09	32.96	33.08	31.02	30.53	29.00	32.31	31.94	31.83
 RicFlow:	29.19	28.93	29.15	30.62	30.22	30.51	31.40	31.53	31.15	30.84
 FlowSAC:	23.65	32.90	34.25	33.46	34.72	30.71	31.54	31.09	30.03	30.11
FlowSAC*:	35.07	31.54	32.41	30.67	32.65	30.53	29.75	30.63	29.70	29.82
0216 : temple_3/frame_0031.png
 Matches:	21.52	26.11	29.26	30.56	31.68	32.88	33.80	34.60	35.97	36.90
 Outlier:	25.15	30.48	35.55	37.85	39.74	41.64	43.07	44.24	46.13	47.40
EpicFlow:	17.90	18.69	24.17	24.25	24.81	26.19	27.01	28.07	28.47	28.89
 RicFlow:	22.51	22.83	23.69	23.25	24.54	24.12	24.52	24.89	26.55	25.10
 FlowSAC:	17.73	20.83	24.90	30.94	25.18	24.41	26.55	29.64	27.36	28.84
FlowSAC*:	18.15	18.10	24.24	29.69	29.66	29.08	25.13	26.99	26.26	25.39
0217 : temple_3/frame_0032.png
 Matches:	24.21	28.70	31.52	32.90	33.87	34.76	35.47	36.07	37.71	38.59
 Outlier:	19.59	24.22	28.96	31.47	33.10	34.63	35.76	36.79	39.38	40.68
EpicFlow:	17.74	18.07	17.77	17.83	18.03	19.39	20.09	20.44	21.53	21.56
 RicFlow:	18.31	18.02	18.35	18.52	18.55	18.58	18.86	19.47	20.42	20.64
 FlowSAC:	18.50	17.82	18.86	18.02	18.50	19.41	20.19	19.05	19.91	19.21
FlowSAC*:	17.85	18.20	18.76	18.65	19.60	18.94	18.15	18.56	19.35	19.01
0218 : temple_3/frame_0033.png
 Matches:	25.65	30.97	34.12	35.53	36.84	38.01	39.21	40.69	42.55	43.83
 Outlier:	19.76	24.57	29.46	31.81	33.96	35.80	37.60	39.77	42.13	43.64
EpicFlow:	5.25	5.06	5.25	5.25	5.43	5.49	5.86	6.44	7.15	7.94
 RicFlow:	5.39	5.66	5.50	5.66	5.69	6.05	6.22	6.73	7.16	7.81
 FlowSAC:	5.04	5.26	5.13	5.09	5.26	5.53	5.18	5.30	5.57	5.09
FlowSAC*:	4.98	5.12	5.11	5.15	5.18	5.10	5.15	4.98	5.33	5.44
0219 : temple_3/frame_0034.png
 Matches:	26.36	30.97	33.53	34.76	35.87	37.19	38.03	38.71	40.28	41.64
 Outlier:	18.37	22.60	26.45	28.63	30.67	32.93	34.28	35.31	37.69	39.68
EpicFlow:	7.60	11.47	10.33	10.98	13.33	13.96	14.10	14.32	14.70	15.49
 RicFlow:	10.81	10.47	10.80	9.82	9.95	15.01	15.39	15.64	15.79	18.19
 FlowSAC:	7.54	8.08	8.40	9.13	10.67	11.29	11.24	10.99	10.24	9.33
FlowSAC*:	7.52	8.08	8.39	8.72	8.55	11.25	11.33	10.97	10.27	9.31
0220 : temple_3/frame_0035.png
 Matches:	25.69	29.88	32.59	34.13	35.33	36.52	37.49	38.25	39.44	40.49
 Outlier:	19.16	23.84	28.13	30.67	32.74	34.70	36.15	37.27	39.01	40.50
EpicFlow:	9.70	11.13	10.94	11.71	11.68	11.93	12.26	13.03	13.93	13.90
 RicFlow:	11.46	11.55	11.96	11.89	12.37	12.80	12.79	13.33	13.73	13.91
 FlowSAC:	12.32	9.90	10.24	9.99	9.84	10.64	9.89	10.61	11.51	11.68
FlowSAC*:	11.57	9.60	9.76	9.47	9.68	9.87	9.76	10.43	11.38	11.45
0221 : temple_3/frame_0036.png
 Matches:	22.75	27.12	29.88	31.27	32.54	33.71	34.81	35.90	37.29	38.66
 Outlier:	18.75	23.70	28.01	30.61	32.82	34.86	36.70	38.45	40.57	42.45
EpicFlow:	12.58	12.18	13.12	13.38	13.46	14.68	14.60	14.23	12.38	13.08
 RicFlow:	16.91	17.12	17.65	12.90	12.80	12.92	13.25	13.88	14.68	16.49
 FlowSAC:	11.85	11.50	11.98	11.85	11.89	10.50	11.86	11.68	12.35	13.68
FlowSAC*:	11.90	11.58	11.96	11.60	11.98	11.81	12.07	11.57	12.79	12.36
0222 : temple_3/frame_0037.png
 Matches:	21.71	26.38	29.31	30.76	32.06	33.13	34.18	35.10	36.73	38.36
 Outlier:	19.76	24.64	29.57	32.26	34.65	36.61	38.40	39.83	42.23	44.45
EpicFlow:	27.02	27.38	27.35	31.49	31.59	29.15	29.63	29.42	29.26	29.93
 RicFlow:	35.36	34.43	34.36	34.23	34.82	34.50	34.71	34.74	35.13	35.80
 FlowSAC:	17.48	21.48	21.53	22.23	22.25	24.48	25.90	31.34	24.20	25.62
FlowSAC*:	22.06	21.71	21.22	22.34	28.62	23.90	27.33	32.03	24.81	24.23
0223 : temple_3/frame_0038.png
 Matches:	20.96	26.30	29.58	31.10	32.42	33.51	34.31	34.92	36.56	38.13
 Outlier:	22.83	27.99	32.72	35.35	37.55	39.34	40.61	41.61	44.15	46.40
EpicFlow:	20.19	23.23	22.33	22.54	24.24	24.96	25.01	25.01	25.82	26.05
 RicFlow:	20.37	25.80	21.39	21.65	22.87	24.41	23.97	24.77	26.40	27.60
 FlowSAC:	17.54	22.86	25.53	20.44	26.93	25.56	22.34	23.31	19.47	18.34
FlowSAC*:	17.54	22.99	25.37	24.83	26.87	25.53	25.06	24.17	19.86	18.60
0224 : temple_3/frame_0039.png
 Matches:	20.03	25.46	29.01	30.63	32.03	33.05	34.05	34.90	36.40	37.39
 Outlier:	30.09	35.01	39.81	42.16	44.22	45.73	47.18	48.37	50.24	51.38
EpicFlow:	11.21	12.21	13.47	13.67	14.32	15.51	15.98	17.55	18.59	19.35
 RicFlow:	15.81	17.13	18.82	20.84	21.78	22.48	22.96	24.76	24.79	23.84
 FlowSAC:	10.65	11.30	18.90	23.12	25.02	23.62	25.07	24.16	23.02	23.40
FlowSAC*:	10.63	11.08	24.05	22.90	24.50	23.83	24.61	24.64	24.00	23.84
0225 : temple_3/frame_0040.png
 Matches:	18.69	23.95	27.20	28.70	29.82	30.90	31.85	32.64	34.17	35.85
 Outlier:	29.97	35.40	40.38	42.92	44.73	46.15	47.19	48.05	49.36	50.40
EpicFlow:	14.93	14.36	16.40	15.70	16.73	15.69	15.10	15.78	17.57	21.32
 RicFlow:	22.60	22.62	24.68	24.92	26.30	26.17	24.03	24.60	24.61	25.10
 FlowSAC:	18.88	27.02	25.09	18.06	17.11	18.72	14.73	15.05	15.23	14.65
FlowSAC*:	11.86	19.36	19.66	26.49	19.75	18.00	16.42	17.25	15.72	16.56
0226 : temple_3/frame_0041.png
 Matches:	26.03	31.49	34.25	35.61	36.61	37.35	37.96	38.47	39.15	39.77
 Outlier:	25.42	29.47	32.75	34.39	35.98	37.10	38.01	38.78	39.63	40.46
EpicFlow:	6.26	6.34	6.62	6.70	7.02	27.39	53.21	57.99	61.46	61.55
 RicFlow:	5.94	6.11	6.79	18.88	20.46	21.63	23.56	51.31	55.13	54.54
 FlowSAC:	5.42	5.94	6.01	5.37	5.79	5.89	17.44	6.40	7.03	6.60
FlowSAC*:	5.45	5.85	6.07	5.67	6.22	6.14	17.48	6.52	6.64	6.28
0227 : temple_3/frame_0042.png
 Matches:	29.41	34.33	36.99	38.23	39.17	40.09	41.11	41.63	42.05	42.48
 Outlier:	18.78	22.38	25.79	27.62	29.07	30.46	32.06	32.80	33.36	33.92
EpicFlow:	4.73	4.99	5.35	6.00	6.36	6.24	6.70	7.86	8.33	8.50
 RicFlow:	4.39	5.07	5.71	5.94	6.18	6.01	6.56	7.87	8.08	8.35
 FlowSAC:	4.19	4.33	4.61	4.89	5.21	5.26	5.33	5.52	6.43	6.23
FlowSAC*:	3.94	4.30	4.28	4.84	5.06	4.72	5.41	5.46	6.13	5.82
0228 : temple_3/frame_0043.png
 Matches:	32.74	37.68	39.99	41.01	41.70	42.20	42.48	42.74	42.96	43.16
 Outlier:	16.50	19.83	22.59	23.98	24.99	25.77	26.22	26.63	26.94	27.20
EpicFlow:	4.85	7.78	8.03	8.34	8.36	8.56	8.67	8.72	9.14	9.45
 RicFlow:	7.22	7.50	7.83	8.08	8.91	8.92	9.26	9.42	9.68	9.63
 FlowSAC:	4.84	5.12	4.79	5.20	5.25	4.82	5.18	5.08	4.96	5.02
FlowSAC*:	4.84	4.94	4.91	4.76	4.85	5.04	5.12	4.89	4.95	5.17
0229 : temple_3/frame_0045.png
 Matches:	34.40	38.69	40.90	41.79	42.70	43.51	44.09	44.35	44.69	45.19
 Outlier:	14.48	17.42	20.17	21.52	22.99	24.22	25.09	25.50	25.97	26.54
EpicFlow:	4.39	4.56	4.81	4.68	4.60	4.49	4.74	5.03	5.21	5.63
 RicFlow:	4.21	4.45	4.69	4.31	4.61	4.77	4.86	5.32	5.07	6.07
 FlowSAC:	3.19	3.97	2.31	2.35	1.96	2.62	2.42	2.24	2.40	3.04
FlowSAC*:	3.06	1.97	2.31	2.28	1.93	2.37	2.38	2.11	2.35	2.77
0230 : temple_3/frame_0046.png
 Matches:	33.42	37.41	39.62	40.41	41.05	41.77	42.64	43.74	45.12	45.58
 Outlier:	13.25	16.25	19.28	20.49	21.62	22.86	24.21	25.83	27.90	28.53
EpicFlow:	5.83	6.98	7.04	7.11	7.25	7.64	8.03	8.30	8.74	9.38
 RicFlow:	5.66	5.88	6.24	6.60	6.73	6.97	7.10	7.49	8.06	8.72
 FlowSAC:	4.68	5.68	4.73	5.13	5.41	4.16	4.36	4.63	4.09	5.07
FlowSAC*:	3.38	5.53	4.82	5.83	5.42	5.19	5.72	5.20	5.24	5.72
0231 : temple_3/frame_0047.png
 Matches:	34.34	38.43	40.37	41.10	41.62	42.06	42.37	42.66	43.80	45.45
 Outlier:	11.73	15.04	17.58	18.66	19.52	20.28	20.84	21.36	23.33	25.96
EpicFlow:	2.92	3.28	3.55	3.87	4.41	4.86	5.02	5.28	6.27	7.45
 RicFlow:	3.38	3.05	3.23	3.49	3.85	4.28	4.43	4.65	5.09	6.83
 FlowSAC:	2.17	2.30	2.38	2.46	3.27	3.25	3.45	3.88	3.09	3.35
FlowSAC*:	2.19	2.30	2.21	2.33	3.28	3.30	3.19	3.09	3.29	3.44
mean:
 Matches:	25.32	29.55	32.67	34.47	36.03	37.36	38.31	39.06	40.18	41.02
 Outlier:	20.90	26.19	31.06	33.80	36.05	37.82	39.06	40.00	41.36	42.37
EpicFlow:	13.03	15.56	16.15	16.72	17.57	18.39	18.87	19.22	19.62	20.22
 RicFlow:	14.18	15.45	15.63	16.61	17.50	18.18	18.57	18.99	19.42	19.96
 FlowSAC:	12.52	12.68	13.01	13.21	13.23	13.10	13.49	13.42	14.07	14.23
FlowSAC*:	12.50	12.54	13.04	13.25	13.26	13.31	13.51	13.46	13.92	14.27
