0001 : ambush_2/frame_0001.png
 Matches:	21.39	30.28	32.12	33.41	34.31	35.61	36.46	37.06	38.02	38.53
 Outlier:	40.89	47.85	49.79	51.10	52.05	53.46	54.38	55.02	56.04	56.56
EpicFlow:	6.99	7.29	7.33	7.39	7.38	7.80	7.88	7.81	8.12	7.73
 RicFlow:	10.38	10.51	10.75	11.03	11.18	11.63	11.66	11.73	12.28	12.12
 FlowSAC:	5.46	6.05	5.89	6.18	6.25	5.59	5.77	6.41	6.37	6.57
FlowSAC*:	5.58	6.06	6.23	6.08	6.29	5.71	5.85	6.31	6.39	6.32
0002 : ambush_2/frame_0002.png
 Matches:	17.28	24.64	26.44	27.83	28.71	30.09	30.96	31.37	32.20	32.75
 Outlier:	47.00	52.90	54.74	56.11	57.01	58.62	59.63	60.04	60.76	61.22
EpicFlow:	11.29	12.42	12.49	12.07	11.60	13.69	13.38	13.18	13.57	13.80
 RicFlow:	13.73	14.16	14.86	15.04	14.80	15.12	15.26	15.34	15.43	16.74
 FlowSAC:	9.19	9.61	10.30	9.16	10.64	8.77	8.79	8.63	7.80	9.14
FlowSAC*:	8.79	9.94	10.40	9.39	10.57	8.40	8.32	8.64	7.77	9.27
0003 : ambush_2/frame_0003.png
 Matches:	17.03	25.78	27.92	29.38	30.35	31.86	32.72	33.23	34.15	34.66
 Outlier:	53.15	58.86	60.33	61.44	62.12	63.46	64.15	64.53	65.15	65.46
EpicFlow:	9.45	10.53	10.95	10.80	10.85	10.73	10.80	10.83	10.62	13.88
 RicFlow:	8.87	10.75	17.12	17.53	17.65	17.91	17.46	16.91	17.76	17.19
 FlowSAC:	7.16	8.85	9.01	9.31	8.64	9.84	8.59	8.89	10.23	10.35
FlowSAC*:	7.17	7.70	9.09	9.51	9.18	9.76	9.30	9.69	8.97	9.92
0004 : ambush_2/frame_0004.png
 Matches:	18.19	28.03	30.30	31.93	33.00	34.69	35.77	36.29	37.37	37.79
 Outlier:	57.38	61.97	63.09	64.07	64.85	66.09	66.95	67.36	68.22	68.52
EpicFlow:	10.47	10.54	10.44	10.68	10.90	10.47	10.60	10.87	11.69	12.20
 RicFlow:	9.59	11.62	12.21	12.78	13.11	14.10	14.61	13.49	13.99	14.37
 FlowSAC:	9.43	9.78	9.72	9.23	9.36	9.52	10.15	10.00	9.41	10.10
FlowSAC*:	9.19	10.22	9.56	9.81	9.73	9.57	9.75	10.01	9.81	10.24
0005 : ambush_2/frame_0005.png
 Matches:	16.80	26.55	28.81	30.36	31.60	33.43	34.56	35.11	36.54	37.31
 Outlier:	50.83	56.64	58.21	59.41	60.60	62.42	63.46	63.97	65.26	65.90
EpicFlow:	10.38	11.68	12.05	12.47	12.81	15.28	15.75	15.89	16.54	17.56
 RicFlow:	11.73	13.46	13.63	13.71	14.19	14.49	17.81	17.84	18.75	19.08
 FlowSAC:	10.23	10.00	10.71	11.79	10.76	10.01	10.01	11.43	10.22	11.47
FlowSAC*:	10.16	9.45	10.73	11.43	11.16	9.97	10.42	11.30	10.18	11.34
0006 : ambush_2/frame_0006.png
 Matches:	16.06	25.93	28.04	29.73	31.01	33.15	34.58	35.40	37.13	38.18
 Outlier:	52.99	60.26	62.03	63.49	64.57	66.17	67.20	67.84	69.02	69.83
EpicFlow:	13.94	13.88	15.03	14.90	14.91	14.97	15.06	15.12	14.75	15.42
 RicFlow:	17.11	18.60	19.55	19.93	20.29	21.45	21.55	21.24	22.70	24.03
 FlowSAC:	13.36	14.07	13.87	14.64	13.62	15.58	17.33	15.21	15.96	16.35
FlowSAC*:	12.93	14.30	13.99	13.88	13.42	15.48	15.06	15.21	15.92	16.30
0007 : ambush_2/frame_0007.png
 Matches:	17.12	26.32	28.06	29.40	30.36	31.80	32.96	33.85	35.84	37.25
 Outlier:	43.42	51.78	53.78	55.30	56.39	58.15	59.42	60.39	62.33	63.72
EpicFlow:	17.56	17.97	18.29	16.96	16.96	17.21	17.24	15.80	16.36	15.82
 RicFlow:	22.03	23.15	23.70	25.14	25.39	26.31	25.88	26.14	26.99	27.38
 FlowSAC:	10.36	9.12	9.61	10.49	9.04	11.59	11.09	11.03	10.74	11.77
FlowSAC*:	10.48	8.31	9.58	10.51	10.38	11.59	11.17	11.10	10.82	11.49
0008 : ambush_2/frame_0008.png
 Matches:	19.58	29.29	31.23	32.62	33.68	35.44	36.68	37.54	39.30	40.38
 Outlier:	41.92	51.08	53.12	54.62	55.83	57.58	58.77	59.65	61.32	62.26
EpicFlow:	14.13	13.71	14.42	14.51	14.29	14.43	14.44	14.56	14.99	15.24
 RicFlow:	15.28	16.83	17.65	19.20	20.03	20.86	20.72	21.18	21.40	21.26
 FlowSAC:	7.69	6.79	7.59	7.54	6.75	8.01	7.54	6.80	7.66	7.46
FlowSAC*:	7.30	6.76	7.45	7.54	6.67	7.91	7.13	7.13	7.82	7.44
0009 : ambush_2/frame_0009.png
 Matches:	17.91	27.50	29.33	30.83	31.92	34.02	35.27	36.22	38.22	39.64
 Outlier:	46.84	56.27	58.08	59.74	60.90	62.95	64.12	65.00	66.76	67.85
EpicFlow:	18.86	18.52	19.12	19.21	19.42	19.58	19.63	19.73	19.90	20.30
 RicFlow:	19.89	20.83	21.44	21.99	22.12	22.58	22.75	22.66	23.35	23.74
 FlowSAC:	17.70	18.64	12.55	14.34	12.22	18.39	21.36	17.57	17.00	18.29
FlowSAC*:	17.64	18.60	12.34	13.35	12.07	17.94	20.65	17.32	13.66	18.36
0010 : ambush_2/frame_0010.png
 Matches:	18.49	30.00	32.34	34.11	35.38	37.65	39.37	40.35	42.26	43.56
 Outlier:	54.71	64.51	66.30	67.65	68.61	70.21	71.41	72.05	73.18	73.95
EpicFlow:	21.33	21.48	21.53	22.93	22.91	23.48	23.50	23.45	23.93	24.28
 RicFlow:	26.83	26.14	26.39	26.49	26.30	26.25	26.22	26.68	26.91	27.07
 FlowSAC:	25.17	25.10	26.23	26.36	27.59	28.14	25.77	24.70	25.52	26.23
FlowSAC*:	24.75	22.02	25.65	26.11	27.68	27.25	25.81	24.25	25.05	25.95
0011 : ambush_2/frame_0011.png
 Matches:	18.47	30.57	32.96	34.81	36.02	38.30	40.14	41.25	42.98	43.93
 Outlier:	58.03	67.14	68.94	70.27	71.12	72.66	73.71	74.32	75.08	75.53
EpicFlow:	24.14	24.79	25.53	25.46	25.36	25.46	25.42	25.47	25.48	25.47
 RicFlow:	28.79	27.34	28.11	28.10	27.94	27.60	28.00	28.17	27.80	27.99
 FlowSAC:	23.85	25.15	26.73	27.46	26.38	27.42	26.49	26.56	28.88	26.49
FlowSAC*:	24.37	25.09	26.73	27.40	26.53	27.37	25.52	27.34	28.86	26.48
0012 : ambush_2/frame_0012.png
 Matches:	17.27	28.16	30.62	32.44	33.60	35.50	36.99	37.94	39.82	41.06
 Outlier:	56.12	66.71	68.59	69.98	70.82	72.24	73.26	73.89	75.08	75.78
EpicFlow:	33.50	33.09	33.02	33.16	33.03	32.95	32.89	32.68	31.60	30.64
 RicFlow:	35.43	34.74	35.06	35.61	35.51	34.96	35.03	34.92	34.79	34.03
 FlowSAC:	30.35	34.63	31.91	32.80	32.77	34.77	33.42	31.73	33.49	34.04
FlowSAC*:	30.16	33.55	31.40	31.97	33.18	34.01	33.14	31.49	32.67	31.87
0013 : ambush_2/frame_0013.png
 Matches:	14.49	24.14	26.26	27.98	29.01	30.33	31.20	31.82	32.82	33.41
 Outlier:	58.20	66.41	68.55	70.13	71.00	72.14	72.85	73.35	74.08	74.50
EpicFlow:	55.68	55.72	55.95	56.11	56.17	54.88	54.95	54.88	54.68	54.53
 RicFlow:	56.32	56.39	56.27	56.14	56.09	56.32	56.11	56.19	58.04	57.82
 FlowSAC:	53.64	57.45	55.88	56.19	57.63	55.05	56.33	58.22	53.62	58.08
FlowSAC*:	54.56	57.50	56.12	56.07	57.05	55.15	56.54	57.87	53.14	58.95
0014 : ambush_2/frame_0014.png
 Matches:	13.07	20.44	22.00	23.16	23.75	24.79	25.58	26.05	26.61	26.93
 Outlier:	44.45	53.72	55.63	57.36	58.33	59.89	61.04	61.71	62.49	62.92
EpicFlow:	67.93	68.02	65.32	65.27	65.40	65.49	65.01	65.55	65.25	65.08
 RicFlow:	70.61	67.10	66.23	66.23	66.06	66.16	66.29	66.99	66.24	66.43
 FlowSAC:	69.17	67.67	71.71	67.80	71.90	66.55	68.24	70.53	70.12	68.56
FlowSAC*:	68.17	70.19	71.78	70.45	72.34	70.61	67.16	69.91	70.40	67.91
0015 : ambush_2/frame_0015.png
 Matches:	13.71	21.28	22.97	24.08	24.79	25.88	26.60	27.02	27.59	28.05
 Outlier:	40.05	45.53	47.31	49.03	50.17	51.91	53.07	53.68	54.53	55.27
EpicFlow:	63.27	66.05	66.28	84.56	126.38	113.78	115.01	119.11	118.86	57.82
 RicFlow:	63.14	65.66	65.85	66.96	66.22	66.13	58.39	58.04	57.69	48.12
 FlowSAC:	65.80	64.84	62.59	64.50	62.19	66.82	65.19	64.14	64.57	63.61
FlowSAC*:	64.31	64.34	64.35	65.67	61.84	64.33	62.95	62.51	63.03	63.40
0016 : ambush_2/frame_0016.png
 Matches:	19.71	29.90	32.15	33.70	34.55	35.62	36.23	36.55	37.08	37.50
 Outlier:	36.21	43.18	45.13	46.78	47.80	49.14	49.89	50.29	50.95	51.48
EpicFlow:	18.43	17.30	17.05	17.39	17.52	17.20	16.89	16.79	16.81	17.05
 RicFlow:	18.90	19.35	19.70	19.44	19.60	19.37	19.22	19.54	19.73	21.40
 FlowSAC:	9.09	9.36	8.85	8.91	10.05	9.32	9.31	10.77	9.64	9.41
FlowSAC*:	9.14	9.23	8.99	9.04	10.05	9.32	9.14	10.75	9.35	9.41
0017 : ambush_2/frame_0017.png
 Matches:	24.17	34.82	36.83	38.04	38.76	40.01	40.74	41.10	41.72	42.04
 Outlier:	29.17	36.11	38.05	39.44	40.38	42.08	43.05	43.55	44.35	44.77
EpicFlow:	9.24	9.04	8.88	8.91	8.77	8.79	8.81	8.87	8.89	8.82
 RicFlow:	8.64	9.05	9.37	9.75	9.84	9.94	10.11	9.87	9.95	10.01
 FlowSAC:	2.77	2.63	5.34	2.76	2.98	2.86	2.75	2.77	3.38	3.01
FlowSAC*:	3.56	2.62	4.74	2.85	2.97	3.47	2.74	3.12	2.91	2.88
0018 : ambush_2/frame_0018.png
 Matches:	27.47	36.17	37.86	39.00	39.58	40.34	40.82	41.03	41.52	41.90
 Outlier:	20.32	26.75	28.86	30.45	31.37	32.58	33.33	33.68	34.42	35.01
EpicFlow:	5.18	5.53	5.64	5.64	5.55	6.18	6.22	6.24	6.56	6.01
 RicFlow:	6.12	6.34	6.63	6.82	7.04	6.87	7.33	7.32	7.55	7.75
 FlowSAC:	2.40	2.61	2.64	2.44	2.61	2.19	2.51	2.38	2.61	2.30
FlowSAC*:	2.58	2.56	2.64	2.63	2.57	2.02	2.59	2.40	2.52	2.43
0019 : ambush_2/frame_0019.png
 Matches:	21.40	32.85	34.84	36.11	36.76	37.88	38.69	39.08	39.84	40.43
 Outlier:	33.31	38.91	40.38	41.68	42.59	44.21	45.31	45.84	46.81	47.55
EpicFlow:	7.13	7.74	7.81	7.92	8.00	8.21	8.42	8.51	8.69	8.74
 RicFlow:	12.85	11.34	11.08	11.33	11.44	11.64	11.69	11.53	11.80	11.86
 FlowSAC:	3.98	4.78	4.18	4.31	4.85	4.87	4.85	4.81	4.69	4.77
FlowSAC*:	4.65	4.95	4.53	4.33	4.93	4.87	4.86	4.86	4.59	4.81
0020 : ambush_2/frame_0020.png
 Matches:	15.19	26.35	29.34	30.88	31.67	32.68	33.21	33.47	33.99	34.29
 Outlier:	65.89	66.41	67.01	67.79	68.31	69.13	69.57	69.79	70.24	70.50
EpicFlow:	16.98	15.42	15.41	15.33	15.32	15.23	15.54	15.55	16.10	16.35
 RicFlow:	23.62	24.23	24.90	25.05	24.46	24.48	24.84	24.76	25.05	24.66
 FlowSAC:	6.91	8.65	8.00	7.59	7.55	7.77	8.26	7.87	7.93	7.70
FlowSAC*:	6.45	7.22	7.96	7.88	7.53	7.43	8.26	7.87	8.46	7.42
0021 : ambush_4/frame_0001.png
 Matches:	24.36	30.62	31.27	31.79	32.20	32.94	33.40	33.65	34.08	34.33
 Outlier:	12.73	17.49	18.58	19.60	20.51	22.20	23.19	23.76	24.72	25.24
EpicFlow:	5.74	5.51	5.49	5.28	5.34	5.75	5.69	5.61	5.28	5.25
 RicFlow:	8.57	8.40	8.51	8.68	8.42	9.27	8.55	8.94	9.07	9.25
 FlowSAC:	9.37	5.78	6.19	6.39	6.06	5.36	6.33	6.25	6.86	11.40
FlowSAC*:	6.71	5.78	6.20	6.44	6.29	5.36	6.05	6.91	5.39	11.40
0022 : ambush_4/frame_0002.png
 Matches:	26.40	33.08	33.92	34.60	35.24	36.44	37.38	37.89	38.65	39.14
 Outlier:	14.78	21.13	22.71	23.86	25.03	27.23	28.99	29.85	31.20	32.01
EpicFlow:	4.92	4.87	4.88	4.88	4.87	5.07	5.03	5.03	5.06	4.96
 RicFlow:	6.65	6.98	7.13	7.44	7.79	7.42	7.84	7.86	8.11	8.48
 FlowSAC:	5.94	4.70	5.20	4.63	6.19	4.91	4.64	4.98	4.64	5.25
FlowSAC*:	5.65	4.70	3.73	4.64	6.20	4.34	4.41	4.98	4.64	5.25
0023 : ambush_4/frame_0003.png
 Matches:	10.52	13.73	13.90	13.97	14.02	14.09	14.16	14.18	14.27	14.34
 Outlier:	4.87	7.86	8.73	9.10	9.37	9.83	10.27	10.37	10.91	11.36
EpicFlow:	6.75	7.00	7.31	7.28	7.32	7.38	7.38	7.38	7.37	7.36
 RicFlow:	15.00	26.23	26.67	26.86	27.45	29.80	30.30	30.27	31.14	30.99
 FlowSAC:	7.55	9.28	5.58	10.64	8.65	9.03	9.03	9.00	9.29	10.49
FlowSAC*:	7.49	9.22	5.59	10.21	8.65	8.58	8.59	8.55	8.85	9.08
0024 : ambush_4/frame_0004.png
 Matches:	2.73	4.44	4.65	4.80	4.94	5.26	5.59	5.74	6.10	6.34
 Outlier:	30.35	38.45	40.72	42.54	44.08	47.48	50.61	51.87	54.67	56.43
EpicFlow:	64.44	64.36	64.57	64.58	64.98	65.23	65.76	65.67	65.44	65.63
 RicFlow:	70.87	70.55	70.91	69.01	68.61	69.56	70.39	70.01	71.65	72.72
 FlowSAC:	67.28	67.58	68.38	67.53	66.07	65.81	68.31	70.02	70.95	71.68
FlowSAC*:	67.27	67.60	68.38	67.53	66.03	65.81	68.31	70.01	70.95	71.12
0025 : ambush_4/frame_0005.png
 Matches:	2.33	3.95	4.41	4.77	5.16	5.86	6.43	6.77	7.57	8.18
 Outlier:	56.38	68.19	70.69	72.62	74.61	77.52	79.48	80.42	82.32	83.49
EpicFlow:	89.18	92.89	84.16	80.55	80.22	78.83	80.30	79.33	79.76	79.81
 RicFlow:	98.09	78.60	79.55	77.76	78.71	80.44	84.90	85.24	85.81	89.12
 FlowSAC:	91.81	93.01	92.98	94.09	98.43	94.22	98.64	99.50	96.76	92.65
FlowSAC*:	91.86	91.10	92.98	93.14	92.00	94.22	93.70	92.33	97.47	92.65
0026 : ambush_4/frame_0006.png
 Matches:	5.09	7.88	8.49	8.98	9.37	10.07	10.61	10.89	11.55	11.92
 Outlier:	30.46	40.54	43.24	45.56	47.51	50.77	53.09	54.20	56.47	57.73
EpicFlow:	52.63	72.25	71.85	69.55	67.64	63.82	62.65	62.55	65.12	63.88
 RicFlow:	64.13	49.68	50.18	49.64	50.89	50.22	50.57	51.06	48.09	48.62
 FlowSAC:	41.17	43.34	44.76	33.14	46.58	47.29	40.05	44.70	41.74	40.87
FlowSAC*:	42.31	43.20	44.86	32.74	46.30	36.13	37.32	44.34	42.25	39.83
0027 : ambush_4/frame_0007.png
 Matches:	8.60	12.11	12.69	13.10	13.45	14.09	14.54	14.79	15.35	15.71
 Outlier:	17.84	25.38	27.64	29.16	30.74	33.72	35.62	36.68	38.91	40.28
EpicFlow:	54.09	58.05	58.72	59.08	58.87	60.84	61.90	61.67	59.75	61.58
 RicFlow:	66.50	67.05	65.61	67.21	67.31	68.84	69.80	69.87	70.97	70.64
 FlowSAC:	62.49	62.01	62.80	53.85	62.28	61.64	56.38	60.49	61.17	63.03
FlowSAC*:	62.71	62.22	63.03	53.84	62.39	61.66	56.60	60.35	61.69	63.12
0028 : ambush_4/frame_0008.png
 Matches:	10.19	13.62	14.22	14.75	15.16	15.79	16.27	16.45	17.06	17.49
 Outlier:	18.84	26.29	28.53	30.71	32.21	34.11	35.84	36.52	38.65	40.15
EpicFlow:	34.61	34.39	31.99	32.56	31.83	32.97	32.89	32.50	32.37	34.83
 RicFlow:	35.63	43.75	42.43	43.88	39.97	40.58	44.52	43.04	40.22	42.19
 FlowSAC:	32.90	31.69	35.08	34.04	31.32	35.01	35.30	34.94	33.23	32.36
FlowSAC*:	32.44	31.28	32.25	30.74	30.44	34.12	35.35	36.32	33.00	39.49
0029 : ambush_4/frame_0009.png
 Matches:	13.08	18.57	19.34	19.97	20.61	21.36	21.82	21.99	22.41	22.63
 Outlier:	15.30	23.33	25.21	26.82	28.33	30.39	31.70	32.18	33.39	33.96
EpicFlow:	17.12	18.09	17.65	17.32	16.22	16.81	17.32	17.15	17.30	17.47
 RicFlow:	22.11	19.82	20.88	19.30	20.47	22.93	23.04	23.01	23.61	23.07
 FlowSAC:	19.32	17.83	19.28	17.86	18.91	19.85	18.82	20.84	18.34	22.17
FlowSAC*:	19.86	17.67	19.91	19.01	19.20	20.78	19.03	21.68	19.48	22.68
0030 : ambush_4/frame_0010.png
 Matches:	18.59	22.86	23.63	24.23	24.62	25.28	25.69	25.85	26.24	26.76
 Outlier:	11.93	19.13	21.12	22.58	23.37	24.57	25.26	25.67	26.63	27.96
EpicFlow:	29.21	25.48	25.84	30.54	28.97	29.76	31.09	30.99	34.84	35.55
 RicFlow:	19.66	39.77	47.64	48.29	46.89	51.65	49.69	51.42	53.17	48.52
 FlowSAC:	26.48	27.52	25.18	24.98	23.28	30.23	24.08	36.48	22.34	23.38
FlowSAC*:	26.63	27.32	29.73	25.24	24.13	30.18	32.73	36.30	22.63	23.49
0031 : ambush_4/frame_0011.png
 Matches:	21.73	28.90	30.11	30.87	31.49	32.37	33.01	33.31	33.84	34.21
 Outlier:	15.62	23.79	25.74	27.03	28.02	29.45	30.59	31.12	32.00	32.69
EpicFlow:	12.67	14.23	14.67	14.78	14.83	14.55	13.17	13.07	13.10	12.54
 RicFlow:	12.74	11.86	11.89	11.83	12.49	12.20	12.36	12.44	12.64	12.66
 FlowSAC:	13.00	12.36	12.64	13.33	13.63	12.54	13.05	12.88	11.88	12.84
FlowSAC*:	13.01	12.60	12.48	13.37	12.67	12.53	12.59	12.87	12.30	12.82
0032 : ambush_4/frame_0012.png
 Matches:	22.54	29.43	30.72	31.69	32.36	33.46	34.08	34.30	34.78	35.12
 Outlier:	18.12	26.90	29.06	30.73	31.87	33.71	34.73	35.11	35.94	36.53
EpicFlow:	14.09	13.64	13.69	13.82	13.92	14.09	14.03	14.09	14.13	15.96
 RicFlow:	32.23	15.61	15.65	15.48	15.58	15.31	15.15	15.35	15.52	15.64
 FlowSAC:	14.66	14.34	14.43	13.76	13.96	14.74	14.59	14.68	13.93	13.60
FlowSAC*:	14.72	14.21	14.30	13.47	14.30	14.93	13.95	15.13	13.97	13.62
0033 : ambush_4/frame_0013.png
 Matches:	19.72	26.17	27.08	27.87	28.42	29.30	29.83	30.23	30.76	30.94
 Outlier:	12.12	17.38	19.19	20.99	22.36	24.45	25.67	26.64	27.89	28.30
EpicFlow:	9.68	11.87	11.84	11.84	11.97	12.67	12.77	12.87	12.77	11.29
 RicFlow:	11.39	11.08	11.00	10.95	11.04	11.29	11.22	10.94	11.11	11.23
 FlowSAC:	10.47	10.47	12.14	9.97	10.30	10.37	9.87	10.84	10.37	10.63
FlowSAC*:	10.41	11.52	12.21	9.98	10.31	12.38	12.27	12.61	10.55	11.90
0034 : ambush_4/frame_0014.png
 Matches:	23.19	32.10	33.43	34.40	35.04	35.87	36.40	36.77	37.24	37.51
 Outlier:	15.91	23.66	25.95	27.75	28.95	30.40	31.35	32.02	32.84	33.27
EpicFlow:	5.93	6.25	6.41	6.47	6.49	6.45	6.42	6.47	6.44	6.59
 RicFlow:	6.53	6.88	7.13	7.23	7.26	7.48	7.51	7.66	7.45	7.38
 FlowSAC:	6.47	6.62	6.33	6.59	6.87	6.20	5.94	6.07	5.97	5.95
FlowSAC*:	6.81	5.85	5.84	6.32	6.73	6.63	5.92	6.03	6.20	5.72
0035 : ambush_4/frame_0015.png
 Matches:	25.63	33.90	34.94	35.66	36.14	36.77	37.01	37.16	37.30	37.37
 Outlier:	15.38	22.44	24.02	25.17	25.89	26.93	27.25	27.54	27.79	27.90
EpicFlow:	7.09	5.52	5.52	5.59	5.52	5.57	5.58	5.54	5.61	5.62
 RicFlow:	7.97	7.18	6.80	6.85	6.77	6.47	6.51	6.37	6.60	6.66
 FlowSAC:	6.19	6.47	5.54	5.73	6.50	6.53	6.66	6.58	6.26	6.04
FlowSAC*:	6.13	6.26	6.32	5.66	6.26	6.43	6.75	6.27	6.20	6.65
0036 : ambush_4/frame_0016.png
 Matches:	23.85	30.23	31.26	32.06	32.64	33.34	33.76	33.97	34.36	34.64
 Outlier:	12.80	20.66	22.60	24.10	25.07	26.34	27.08	27.47	28.17	28.59
EpicFlow:	9.50	9.40	9.65	9.63	9.68	9.70	11.23	11.17	11.18	11.27
 RicFlow:	8.18	8.21	8.50	8.79	8.92	9.27	9.31	9.48	10.06	10.30
 FlowSAC:	7.82	9.58	7.98	8.03	7.47	7.87	8.85	7.93	7.88	7.62
FlowSAC*:	8.42	9.38	8.03	7.94	7.45	8.68	8.58	7.67	7.52	7.72
0037 : ambush_4/frame_0017.png
 Matches:	24.85	31.71	32.62	33.31	33.94	34.88	35.40	35.59	36.10	36.43
 Outlier:	13.80	19.96	21.73	23.06	24.08	25.44	26.41	26.80	27.81	28.42
EpicFlow:	6.26	6.77	6.50	6.92	6.90	7.26	7.31	7.38	7.26	7.38
 RicFlow:	7.06	8.11	8.09	8.20	8.21	7.80	9.41	9.47	9.10	9.02
 FlowSAC:	6.41	7.46	7.53	7.25	7.00	7.02	7.45	6.98	7.44	6.51
FlowSAC*:	6.36	7.46	7.35	7.38	7.01	7.12	7.42	7.07	7.37	6.41
0038 : ambush_4/frame_0018.png
 Matches:	26.32	35.72	37.15	38.23	39.02	40.12	40.63	40.91	41.30	41.44
 Outlier:	16.58	23.28	25.31	26.82	27.76	29.22	30.02	30.44	30.97	31.17
EpicFlow:	4.66	4.65	4.69	4.70	4.66	4.59	4.64	4.63	4.65	4.78
 RicFlow:	5.30	4.87	4.88	4.90	4.82	4.77	4.87	4.87	4.96	5.07
 FlowSAC:	6.33	5.58	5.59	5.68	5.61	4.80	4.97	4.90	4.89	5.01
FlowSAC*:	6.14	5.41	5.07	5.68	5.60	4.78	4.97	4.91	4.89	4.98
0039 : ambush_4/frame_0019.png
 Matches:	28.35	40.66	42.12	43.06	43.78	44.78	45.10	45.22	45.44	45.53
 Outlier:	17.41	22.62	24.52	25.79	26.72	28.04	28.48	28.68	29.01	29.11
EpicFlow:	2.90	3.02	3.06	3.08	3.15	3.14	3.15	3.17	3.17	3.18
 RicFlow:	3.49	3.63	3.69	3.76	3.69	3.60	3.67	3.65	3.80	3.83
 FlowSAC:	3.39	4.59	3.73	3.96	4.28	4.08	4.07	4.00	3.75	4.13
FlowSAC*:	3.45	4.17	3.29	3.78	4.25	4.12	4.11	3.90	3.92	3.95
0040 : ambush_4/frame_0020.png
 Matches:	27.50	37.62	39.05	39.93	40.46	41.02	41.28	41.42	41.71	41.86
 Outlier:	14.64	20.24	21.79	22.83	23.62	24.51	24.92	25.13	25.66	25.92
EpicFlow:	3.92	4.27	4.25	4.17	4.09	4.13	4.10	4.11	4.09	4.12
 RicFlow:	4.42	4.58	4.75	4.70	4.77	4.71	4.68	4.82	4.79	5.45
 FlowSAC:	4.26	4.30	3.96	4.32	5.11	4.63	3.97	4.82	3.93	3.81
FlowSAC*:	4.11	3.92	3.96	4.33	4.38	4.17	3.90	5.01	3.51	3.80
0041 : ambush_4/frame_0021.png
 Matches:	26.54	36.22	37.60	38.35	38.68	39.09	39.37	39.58	39.78	39.91
 Outlier:	13.12	19.83	21.21	22.14	22.65	23.28	23.78	24.15	24.44	24.67
EpicFlow:	3.70	3.91	3.57	3.27	3.23	3.22	3.23	3.24	3.49	3.52
 RicFlow:	4.01	4.75	4.73	4.86	5.08	4.92	5.46	5.50	5.46	5.56
 FlowSAC:	3.88	3.96	4.02	4.05	4.10	4.00	3.94	4.29	4.00	3.85
FlowSAC*:	3.92	3.92	4.06	3.96	3.91	3.92	3.82	3.81	4.26	3.88
0042 : ambush_4/frame_0022.png
 Matches:	30.04	39.97	41.28	41.96	42.24	42.65	42.86	42.96	43.07	43.14
 Outlier:	13.70	20.81	22.27	23.10	23.50	24.05	24.37	24.51	24.70	24.75
EpicFlow:	2.93	2.86	2.85	2.87	2.86	2.88	2.89	2.88	2.74	2.74
 RicFlow:	2.85	3.06	3.25	3.28	3.28	3.27	3.34	3.36	3.37	3.37
 FlowSAC:	2.82	3.22	2.94	3.11	2.85	3.04	2.95	2.97	2.96	3.00
FlowSAC*:	3.03	3.27	2.93	3.04	2.71	3.09	2.95	3.07	3.01	3.00
0043 : ambush_4/frame_0023.png
 Matches:	32.12	41.73	42.47	42.83	43.03	43.31	43.52	43.62	43.90	43.98
 Outlier:	7.04	10.46	11.61	12.19	12.53	13.07	13.44	13.61	14.15	14.28
EpicFlow:	3.29	2.88	2.89	2.87	2.87	2.87	2.87	2.88	3.38	3.45
 RicFlow:	3.77	3.68	3.41	3.62	3.69	3.60	3.71	3.77	4.01	3.88
 FlowSAC:	3.54	3.82	3.51	3.97	3.92	3.97	3.75	3.79	2.81	3.32
FlowSAC*:	3.57	3.86	3.56	3.89	3.95	3.93	3.34	3.89	2.75	3.37
0044 : ambush_4/frame_0024.png
 Matches:	31.01	41.62	42.71	43.33	43.62	44.11	44.39	44.53	44.67	44.76
 Outlier:	9.64	13.80	15.12	15.93	16.39	17.20	17.67	17.93	18.17	18.33
EpicFlow:	2.72	2.78	2.80	2.79	2.86	2.92	3.01	3.03	2.97	2.96
 RicFlow:	3.11	3.40	3.49	3.44	3.58	3.63	3.71	3.77	3.69	3.73
 FlowSAC:	2.67	2.77	2.35	2.39	2.70	2.76	2.75	2.71	2.46	2.77
FlowSAC*:	2.65	2.85	2.38	2.70	2.70	2.81	2.74	2.71	2.44	2.78
0045 : ambush_4/frame_0025.png
 Matches:	29.95	38.13	39.28	40.01	40.31	40.80	41.08	41.21	41.34	41.39
 Outlier:	12.77	18.45	19.86	20.86	21.36	22.08	22.51	22.74	22.99	23.07
EpicFlow:	2.45	2.50	2.49	2.47	2.47	2.48	2.51	2.52	2.52	2.52
 RicFlow:	2.53	2.58	2.65	2.82	2.76	2.77	2.87	2.82	2.82	3.02
 FlowSAC:	2.37	2.45	2.78	2.73	2.58	2.80	2.46	2.78	2.43	2.54
FlowSAC*:	2.55	2.52	2.73	2.66	2.54	2.50	2.43	2.65	2.39	2.58
0046 : ambush_4/frame_0026.png
 Matches:	25.17	33.15	34.25	34.79	35.07	35.45	35.67	35.80	35.96	36.03
 Outlier:	10.08	15.79	17.28	18.23	18.72	19.45	19.90	20.16	20.48	20.62
EpicFlow:	7.57	7.41	7.38	7.41	7.43	7.36	7.36	7.34	7.33	7.29
 RicFlow:	8.03	8.15	8.78	8.47	9.14	9.05	9.18	9.27	9.08	9.18
 FlowSAC:	7.67	7.53	7.78	7.64	7.79	8.25	8.44	7.79	7.68	8.39
FlowSAC*:	7.50	7.51	8.66	7.96	7.86	8.67	8.61	7.83	7.82	8.04
0047 : ambush_4/frame_0027.png
 Matches:	22.67	29.89	30.80	31.38	31.63	31.91	32.05	32.15	32.33	32.42
 Outlier:	13.00	19.61	20.92	21.89	22.38	22.97	23.25	23.43	23.82	24.03
EpicFlow:	22.51	22.18	20.48	19.90	19.93	23.54	23.82	23.74	23.70	22.51
 RicFlow:	22.60	23.24	23.07	24.17	24.10	24.14	24.14	24.85	24.26	23.71
 FlowSAC:	22.69	21.64	21.76	21.84	21.68	21.47	21.10	22.92	21.39	21.67
FlowSAC*:	22.64	21.72	21.76	21.84	21.68	21.27	21.06	20.83	21.42	23.29
0048 : ambush_4/frame_0028.png
 Matches:	22.55	29.62	30.36	30.81	31.07	31.45	31.61	31.74	31.96	32.06
 Outlier:	16.31	23.74	25.06	25.99	26.57	27.41	27.76	28.03	28.50	28.72
EpicFlow:	29.84	30.68	30.53	30.47	30.51	30.48	30.52	30.54	30.97	31.06
 RicFlow:	32.23	35.73	37.30	39.83	38.77	40.46	41.05	40.79	40.85	41.61
 FlowSAC:	33.08	32.01	32.21	32.84	31.93	32.20	32.64	32.86	32.69	33.51
FlowSAC*:	33.15	31.87	32.13	32.79	31.60	32.55	33.51	32.55	32.97	33.49
0049 : ambush_4/frame_0029.png
 Matches:	23.00	29.11	29.81	30.24	30.47	30.79	31.02	31.08	31.20	31.31
 Outlier:	14.12	21.07	22.29	23.20	23.72	24.43	24.94	25.08	25.35	25.57
EpicFlow:	19.33	19.00	19.15	19.17	19.17	19.34	19.17	18.71	18.54	19.48
 RicFlow:	20.47	18.67	18.04	17.28	17.75	18.51	17.63	19.10	18.63	19.20
 FlowSAC:	20.60	18.66	20.19	23.02	23.32	22.82	20.22	22.55	20.50	22.80
FlowSAC*:	20.48	18.44	20.01	22.84	23.39	22.87	20.17	22.25	20.95	22.62
0050 : ambush_4/frame_0030.png
 Matches:	24.04	30.88	31.86	32.42	32.76	33.31	33.77	34.04	34.59	34.96
 Outlier:	15.07	24.48	26.01	27.00	27.63	28.65	29.57	30.10	31.19	31.87
EpicFlow:	11.98	11.56	11.65	11.83	11.85	11.72	11.86	11.81	11.82	11.82
 RicFlow:	13.29	12.78	12.93	13.00	12.90	13.30	13.29	13.16	13.57	13.73
 FlowSAC:	12.12	14.73	14.21	11.16	12.58	11.19	11.59	10.77	11.62	11.90
FlowSAC*:	12.50	14.73	14.15	11.12	12.61	11.24	13.04	10.49	11.58	11.89
0051 : ambush_4/frame_0031.png
 Matches:	25.11	34.41	35.81	36.76	37.34	38.23	38.77	39.08	39.79	40.24
 Outlier:	19.34	29.10	31.12	32.48	33.41	34.79	35.62	36.11	37.23	37.87
EpicFlow:	8.46	8.72	8.59	8.55	8.55	8.51	8.38	8.25	8.19	8.22
 RicFlow:	8.95	9.67	9.89	10.10	10.19	10.12	10.48	10.16	10.39	10.39
 FlowSAC:	8.41	9.39	8.78	8.76	8.21	9.40	8.22	9.00	8.89	8.95
FlowSAC*:	7.77	9.32	8.86	8.76	8.09	9.26	7.47	8.94	8.81	8.72
0052 : ambush_4/frame_0032.png
 Matches:	29.57	37.97	39.26	40.13	40.69	41.51	42.00	42.36	42.80	42.95
 Outlier:	17.34	26.70	28.60	29.90	30.72	31.88	32.52	33.01	33.58	33.76
EpicFlow:	4.07	4.40	4.44	4.41	4.41	4.46	4.51	4.62	4.64	4.64
 RicFlow:	4.51	4.89	4.98	4.98	4.96	4.96	4.90	5.11	5.17	5.25
 FlowSAC:	6.93	6.74	5.83	6.46	6.24	5.35	6.32	5.41	6.13	5.95
FlowSAC*:	6.96	6.79	5.71	5.59	6.17	5.46	6.21	5.25	6.14	5.90
0053 : ambush_5/frame_0023.png
 Matches:	34.27	40.60	41.42	41.93	42.20	42.65	42.94	43.08	43.37	43.59
 Outlier:	11.42	16.15	17.14	17.81	18.24	18.97	19.45	19.68	20.19	20.58
EpicFlow:	5.09	4.50	4.59	4.60	4.60	4.54	4.59	4.60	5.81	5.88
 RicFlow:	4.40	4.77	4.81	4.85	4.93	5.28	5.33	5.44	5.43	5.62
 FlowSAC:	3.69	5.31	3.61	4.14	4.15	3.82	4.72	4.43	3.81	3.71
FlowSAC*:	4.80	4.77	3.58	4.14	3.79	3.79	4.63	3.67	3.74	5.05
0054 : ambush_5/frame_0028.png
 Matches:	32.49	39.85	40.77	41.32	41.61	42.01	42.21	42.32	42.42	42.59
 Outlier:	12.39	17.32	18.63	19.52	19.97	20.62	20.93	21.12	21.30	21.60
EpicFlow:	3.77	3.91	3.92	3.93	3.72	3.72	3.71	3.72	3.71	3.71
 RicFlow:	4.48	4.22	4.22	4.22	4.16	4.14	4.14	4.14	4.15	4.17
 FlowSAC:	3.74	3.88	3.80	3.92	3.88	3.98	3.89	3.89	3.70	3.78
FlowSAC*:	3.85	3.70	3.77	3.87	3.94	3.89	3.72	3.73	3.69	3.83
0055 : ambush_5/frame_0029.png
 Matches:	30.70	37.94	38.96	39.58	39.99	40.58	40.85	40.97	41.33	41.64
 Outlier:	15.26	21.41	22.74	23.64	24.28	25.29	25.75	25.95	26.56	27.08
EpicFlow:	3.60	4.31	4.36	4.67	4.66	4.72	4.73	4.68	4.66	5.04
 RicFlow:	4.25	4.20	4.27	4.47	4.93	5.41	5.54	5.55	5.67	5.48
 FlowSAC:	4.60	4.05	4.19	4.59	4.41	4.30	4.13	4.24	4.07	4.78
FlowSAC*:	4.11	4.72	4.00	3.94	4.40	4.36	4.16	4.25	4.06	4.29
0056 : ambush_5/frame_0030.png
 Matches:	30.44	37.66	38.69	39.27	39.58	40.05	40.37	40.52	40.87	40.99
 Outlier:	18.67	24.42	25.81	26.58	27.04	27.76	28.24	28.51	29.10	29.29
EpicFlow:	5.58	5.52	5.77	5.63	5.61	5.62	5.62	5.71	5.70	6.46
 RicFlow:	6.32	5.95	6.42	5.97	6.11	6.40	6.26	6.74	6.84	6.74
 FlowSAC:	5.17	5.51	5.37	5.80	5.66	5.41	5.68	5.44	5.48	5.48
FlowSAC*:	5.36	5.55	5.43	5.63	5.81	5.51	4.97	5.59	5.63	5.71
0057 : ambush_5/frame_0031.png
 Matches:	29.41	36.38	37.46	38.11	38.56	39.24	39.63	39.84	40.09	40.18
 Outlier:	18.85	25.19	26.71	27.72	28.41	29.46	30.05	30.38	30.78	30.93
EpicFlow:	16.90	16.12	16.18	16.17	16.13	16.17	16.20	16.21	16.32	16.24
 RicFlow:	15.77	15.92	16.01	15.96	15.83	15.80	15.90	15.92	15.92	15.77
 FlowSAC:	11.45	9.78	9.49	10.65	10.23	10.48	9.96	10.59	9.59	10.61
FlowSAC*:	11.43	10.10	9.50	10.38	11.09	10.42	10.08	9.83	9.45	10.52
0058 : ambush_5/frame_0032.png
 Matches:	25.91	32.26	33.42	34.16	34.65	35.26	35.61	35.81	36.16	36.40
 Outlier:	13.03	19.57	21.50	22.90	23.70	24.71	25.24	25.56	26.03	26.48
EpicFlow:	9.60	7.67	7.77	7.93	7.96	8.26	9.33	9.39	9.60	9.73
 RicFlow:	10.26	9.80	10.58	10.75	9.92	9.98	9.97	10.18	9.21	10.81
 FlowSAC:	8.97	9.76	8.66	9.96	9.69	8.63	8.38	9.69	7.82	8.07
FlowSAC*:	9.32	9.53	8.87	9.07	9.22	9.42	8.41	9.36	8.19	8.61
0059 : ambush_5/frame_0033.png
 Matches:	24.86	32.47	33.83	34.68	35.35	36.24	36.80	37.08	37.46	37.63
 Outlier:	16.65	23.34	25.44	26.91	28.05	29.59	30.52	31.02	31.64	31.92
EpicFlow:	8.72	7.87	7.91	7.90	7.87	7.37	7.39	7.51	7.46	7.57
 RicFlow:	7.65	7.55	7.64	7.54	7.60	7.86	7.39	7.59	7.51	7.60
 FlowSAC:	6.93	6.66	6.92	7.08	7.19	7.11	7.04	7.56	6.86	6.40
FlowSAC*:	6.84	7.09	7.37	6.77	7.21	6.92	7.58	7.26	6.81	6.53
0060 : ambush_5/frame_0034.png
 Matches:	24.48	32.37	33.90	34.94	35.81	36.91	37.56	37.85	38.31	38.48
 Outlier:	18.92	26.85	29.22	30.89	32.27	34.00	35.01	35.48	36.16	36.37
EpicFlow:	7.35	6.42	6.50	6.53	6.47	6.98	6.92	7.05	6.96	7.20
 RicFlow:	7.83	8.91	9.04	9.09	9.14	8.10	8.24	8.23	8.32	8.17
 FlowSAC:	8.23	8.90	9.05	8.45	8.81	8.42	8.72	9.15	8.98	9.19
FlowSAC*:	9.45	9.05	9.38	8.44	9.17	8.46	8.74	9.35	8.81	9.39
0061 : ambush_5/frame_0035.png
 Matches:	25.62	33.16	34.57	35.54	36.24	37.30	37.88	38.20	38.94	39.22
 Outlier:	16.97	24.58	26.75	28.44	29.67	31.45	32.40	32.92	34.01	34.43
EpicFlow:	4.74	5.45	5.68	5.74	5.77	5.99	6.05	5.94	6.04	6.18
 RicFlow:	7.13	7.35	7.53	7.80	7.57	7.49	7.80	7.77	7.78	8.03
 FlowSAC:	5.04	4.69	5.11	4.86	6.29	5.09	4.89	4.98	5.21	5.20
FlowSAC*:	5.04	4.70	4.92	4.83	6.19	5.59	5.00	4.84	5.00	4.76
0062 : ambush_5/frame_0036.png
 Matches:	21.08	28.74	30.25	31.28	32.12	33.33	34.06	34.54	35.30	35.78
 Outlier:	23.46	30.51	32.76	34.46	35.79	37.84	39.09	39.89	41.12	41.90
EpicFlow:	27.17	27.67	28.19	28.58	28.47	28.59	28.73	28.85	28.56	28.67
 RicFlow:	22.31	22.08	22.73	22.69	22.99	22.88	23.01	23.01	23.34	23.24
 FlowSAC:	26.08	26.28	27.49	28.09	27.55	26.86	28.68	28.95	26.35	26.92
FlowSAC*:	26.19	26.69	26.75	28.09	27.66	26.77	29.18	28.60	26.31	26.72
0063 : ambush_5/frame_0037.png
 Matches:	19.95	27.98	29.44	30.25	30.88	31.86	32.60	33.00	33.81	34.39
 Outlier:	30.45	37.31	39.14	40.47	41.50	42.87	44.02	44.65	45.90	46.76
EpicFlow:	9.59	12.50	12.55	13.26	13.20	12.96	13.90	13.96	13.89	13.98
 RicFlow:	15.49	16.02	16.30	16.91	16.61	16.95	16.94	17.21	16.92	17.25
 FlowSAC:	9.68	9.13	8.88	8.64	10.98	9.56	9.16	10.71	10.39	11.49
FlowSAC*:	9.72	9.75	8.96	8.90	10.89	9.45	9.05	10.35	10.14	11.02
0064 : ambush_5/frame_0038.png
 Matches:	19.33	28.17	29.95	31.11	31.77	32.84	33.54	33.93	34.78	35.27
 Outlier:	31.74	39.35	41.77	43.59	44.64	46.18	47.08	47.66	48.86	49.56
EpicFlow:	14.41	16.95	17.70	16.93	16.70	15.02	15.37	15.71	16.31	15.34
 RicFlow:	17.59	17.22	17.07	17.64	17.86	18.48	18.28	17.98	18.09	18.06
 FlowSAC:	9.77	9.34	8.70	10.94	10.02	11.32	12.37	12.72	11.74	10.84
FlowSAC*:	10.70	9.37	9.77	9.87	9.51	10.28	12.68	11.72	10.70	11.15
0065 : ambush_5/frame_0039.png
 Matches:	21.04	31.10	32.96	34.18	34.88	35.90	36.44	36.83	37.39	37.75
 Outlier:	34.68	43.33	45.75	47.40	48.32	49.60	50.31	50.78	51.47	51.93
EpicFlow:	20.03	20.95	20.99	20.35	20.52	20.60	20.69	20.69	20.68	20.81
 RicFlow:	19.56	20.50	20.86	20.87	20.85	21.15	21.11	20.92	21.01	20.95
 FlowSAC:	12.54	13.30	13.63	13.80	14.07	13.40	14.28	13.07	12.78	13.46
FlowSAC*:	11.80	13.31	13.49	14.13	15.35	13.27	14.15	13.10	13.33	13.40
0066 : ambush_5/frame_0040.png
 Matches:	24.21	35.32	37.12	38.27	38.88	39.92	40.57	40.97	41.53	41.78
 Outlier:	35.14	44.12	45.97	47.24	47.92	49.09	49.81	50.28	50.92	51.21
EpicFlow:	13.48	14.49	15.45	15.27	15.07	14.64	14.70	14.80	14.76	14.81
 RicFlow:	14.01	13.87	14.37	13.97	14.17	14.40	14.27	14.29	14.75	14.41
 FlowSAC:	13.24	9.44	8.39	8.57	8.70	9.25	9.56	9.46	9.33	9.24
FlowSAC*:	13.25	8.64	8.42	8.41	9.05	9.26	8.28	9.29	8.21	9.13
0067 : ambush_5/frame_0041.png
 Matches:	27.04	37.42	39.02	40.11	40.77	41.67	42.29	42.55	43.14	43.46
 Outlier:	26.91	36.41	38.32	39.68	40.48	41.66	42.43	42.74	43.47	43.86
EpicFlow:	11.49	10.49	10.28	10.40	10.50	10.69	10.69	10.72	10.79	10.81
 RicFlow:	10.08	10.07	10.00	10.27	10.40	10.37	10.46	10.47	10.58	10.58
 FlowSAC:	8.23	7.55	8.21	7.72	10.04	8.41	7.95	8.66	8.14	7.30
FlowSAC*:	8.06	7.34	11.23	7.66	7.27	8.61	7.07	7.63	8.07	7.23
0068 : ambush_5/frame_0042.png
 Matches:	30.23	40.24	41.73	42.80	43.42	44.32	44.73	44.93	45.19	45.33
 Outlier:	23.94	31.45	33.03	34.35	35.16	36.29	36.80	37.08	37.41	37.59
EpicFlow:	7.15	6.84	6.92	6.93	6.81	6.62	6.65	6.69	6.57	6.58
 RicFlow:	7.04	7.30	7.39	7.19	7.45	7.26	7.32	7.35	7.46	7.35
 FlowSAC:	6.93	4.99	4.77	6.46	7.57	7.02	7.24	6.57	6.41	6.41
FlowSAC*:	4.62	4.82	4.66	4.47	5.18	4.94	5.17	6.68	5.64	4.20
0069 : ambush_5/frame_0043.png
 Matches:	24.93	31.70	32.78	33.57	34.09	34.96	35.56	35.98	36.74	37.12
 Outlier:	16.68	24.48	26.03	27.26	28.17	29.71	30.84	31.52	32.84	33.49
EpicFlow:	8.32	8.06	8.08	8.10	8.12	8.08	8.13	8.14	7.88	8.13
 RicFlow:	7.66	7.61	8.30	8.44	8.50	8.75	8.97	9.19	9.48	9.65
 FlowSAC:	5.99	6.49	6.76	6.60	7.06	6.57	6.74	6.85	7.40	6.81
FlowSAC*:	5.86	6.88	6.74	6.78	6.97	6.52	6.61	6.91	7.22	6.98
0070 : ambush_5/frame_0044.png
 Matches:	22.23	26.54	27.47	28.10	28.50	29.21	29.74	30.07	30.55	30.87
 Outlier:	11.31	17.75	19.48	20.67	21.63	23.28	24.54	25.28	26.37	27.11
EpicFlow:	16.47	14.52	14.14	13.46	13.53	19.92	19.98	20.08	20.23	20.40
 RicFlow:	15.70	15.86	15.97	15.73	15.85	17.97	16.29	18.33	18.34	18.65
 FlowSAC:	12.68	13.12	12.30	13.28	12.87	14.95	14.91	15.01	14.11	13.90
FlowSAC*:	12.67	12.77	12.93	13.18	12.84	14.04	15.19	13.06	13.18	13.90
0071 : ambush_5/frame_0045.png
 Matches:	23.83	28.88	30.12	30.86	31.20	31.84	32.28	32.46	32.90	33.27
 Outlier:	14.01	20.44	22.71	24.05	24.71	26.08	27.01	27.38	28.32	29.11
EpicFlow:	19.51	21.27	18.19	26.37	26.30	26.42	18.00	25.79	25.99	22.76
 RicFlow:	22.11	18.40	18.09	20.07	18.30	21.59	20.28	20.78	22.27	18.91
 FlowSAC:	17.01	15.18	15.92	15.93	15.62	14.70	29.78	30.05	30.85	26.65
FlowSAC*:	15.68	15.46	15.11	16.13	15.66	15.18	28.58	28.84	26.02	26.98
0072 : ambush_5/frame_0046.png
 Matches:	22.94	28.57	29.90	30.73	31.12	31.67	31.93	32.10	32.47	32.69
 Outlier:	12.97	19.40	21.84	23.60	24.43	25.62	26.15	26.51	27.29	27.78
EpicFlow:	14.61	16.60	18.87	18.68	20.01	20.40	19.70	20.65	21.50	21.36
 RicFlow:	23.19	23.20	24.22	24.09	24.22	23.67	23.79	24.62	23.99	23.32
 FlowSAC:	17.49	12.50	13.80	11.63	11.42	12.39	12.36	12.48	14.54	12.99
FlowSAC*:	17.36	12.49	12.13	11.78	13.12	13.71	13.29	13.77	14.52	14.19
0073 : ambush_5/frame_0047.png
 Matches:	18.18	25.01	26.49	27.53	28.12	28.92	29.42	29.73	30.30	30.62
 Outlier:	24.97	34.89	37.27	39.30	40.49	42.00	42.93	43.46	44.46	45.00
EpicFlow:	19.60	21.05	21.03	21.67	21.58	21.55	22.16	21.98	21.96	21.84
 RicFlow:	32.78	24.81	25.38	26.90	26.97	26.43	25.79	26.95	26.46	25.97
 FlowSAC:	21.49	19.73	21.40	18.47	19.63	20.32	18.06	20.50	20.38	17.00
FlowSAC*:	21.34	19.88	19.02	17.17	19.71	20.49	18.09	19.43	19.51	16.53
0074 : ambush_5/frame_0048.png
 Matches:	14.38	20.90	22.10	22.96	23.59	24.62	25.49	26.02	27.39	28.48
 Outlier:	37.41	46.61	48.57	50.18	51.37	53.26	54.83	55.74	57.78	59.32
EpicFlow:	42.29	41.69	39.48	37.45	34.43	32.68	32.62	32.74	33.35	34.12
 RicFlow:	44.30	46.56	46.10	26.17	26.36	26.01	26.56	27.86	27.16	27.21
 FlowSAC:	40.30	38.72	38.77	37.68	36.86	32.46	32.66	35.26	37.75	39.04
FlowSAC*:	40.16	38.06	39.10	37.68	36.23	35.90	34.34	34.62	36.35	37.94
0075 : ambush_5/frame_0049.png
 Matches:	17.49	25.36	26.93	27.93	28.50	29.42	30.29	30.73	31.58	32.27
 Outlier:	34.78	40.39	42.55	44.21	45.18	46.67	48.06	48.69	49.89	50.92
EpicFlow:	29.26	30.85	31.14	31.03	31.07	31.22	30.94	30.96	30.59	30.46
 RicFlow:	31.87	29.38	29.74	29.33	29.74	29.56	29.80	29.09	29.28	31.37
 FlowSAC:	29.06	32.99	17.71	28.64	34.02	28.78	27.50	27.73	27.00	27.90
FlowSAC*:	30.47	29.83	27.40	24.66	28.94	28.76	28.89	28.04	27.08	25.46
0076 : ambush_6/frame_0001.png
 Matches:	28.48	38.99	40.53	41.42	42.00	42.78	43.26	43.60	44.26	44.59
 Outlier:	16.66	23.07	25.01	26.29	27.15	28.32	29.04	29.51	30.48	30.98
EpicFlow:	4.40	4.74	4.77	4.77	4.78	4.78	4.83	4.89	4.87	4.89
 RicFlow:	4.98	5.08	5.19	5.14	5.27	5.20	5.28	5.47	5.71	5.83
 FlowSAC:	3.30	3.14	3.34	2.99	3.05	3.14	3.26	3.87	3.03	3.35
FlowSAC*:	3.23	3.14	2.95	3.03	3.08	3.04	3.24	3.59	3.30	3.53
0077 : ambush_6/frame_0002.png
 Matches:	25.68	35.15	36.66	37.51	38.05	38.99	39.56	40.00	40.63	41.08
 Outlier:	19.45	25.45	27.51	28.87	29.74	31.25	32.07	32.71	33.67	34.35
EpicFlow:	4.71	5.55	5.44	5.52	5.52	5.45	5.45	5.43	5.43	5.68
 RicFlow:	4.68	5.25	5.10	5.12	5.21	5.74	5.27	5.46	5.39	5.27
 FlowSAC:	3.72	3.32	3.41	3.65	3.40	3.27	3.53	3.51	3.31	3.40
FlowSAC*:	3.55	3.72	3.34	3.73	3.90	3.34	3.57	3.52	3.31	3.40
0078 : ambush_6/frame_0003.png
 Matches:	23.75	33.00	34.48	35.60	36.18	37.06	37.78	38.15	38.79	39.19
 Outlier:	22.09	29.24	31.43	33.19	34.06	35.42	36.53	37.11	38.08	38.72
EpicFlow:	5.94	5.60	5.65	5.72	5.73	5.80	5.84	6.12	6.77	6.84
 RicFlow:	4.27	4.88	5.17	5.31	5.18	5.33	5.50	5.58	5.65	5.71
 FlowSAC:	3.17	3.54	3.34	3.55	3.40	3.47	3.46	3.66	3.72	3.56
FlowSAC*:	3.17	3.49	3.32	3.51	3.26	3.65	3.51	3.74	3.67	3.75
0079 : ambush_6/frame_0004.png
 Matches:	23.49	33.59	35.29	36.54	37.26	38.54	39.41	39.86	40.60	41.00
 Outlier:	25.68	33.82	35.93	37.62	38.61	40.27	41.32	41.88	42.77	43.22
EpicFlow:	6.66	6.69	6.73	6.79	6.81	6.84	6.86	6.86	6.89	5.84
 RicFlow:	3.92	4.25	4.36	4.51	4.57	4.74	4.75	4.83	4.83	4.94
 FlowSAC:	3.43	3.23	3.16	3.09	3.12	3.36	3.59	3.89	3.34	3.22
FlowSAC*:	3.23	3.18	3.19	3.08	3.17	3.23	3.47	3.64	3.33	3.16
0080 : ambush_6/frame_0005.png
 Matches:	22.67	32.13	33.99	35.44	36.42	38.11	39.30	40.15	41.42	42.06
 Outlier:	27.22	36.24	38.78	40.83	42.15	44.38	45.92	46.90	48.34	49.04
EpicFlow:	4.71	4.76	4.90	4.89	4.89	4.87	5.62	5.67	5.67	5.64
 RicFlow:	5.69	6.15	6.17	6.24	6.44	6.52	6.51	6.43	6.71	6.91
 FlowSAC:	3.79	4.24	4.49	4.34	3.89	4.17	4.45	4.06	4.35	4.09
FlowSAC*:	3.80	4.21	5.88	4.29	3.78	3.75	4.35	4.06	4.07	4.06
0081 : ambush_6/frame_0006.png
 Matches:	23.66	34.36	36.39	38.13	39.22	41.00	42.14	42.83	43.85	44.44
 Outlier:	31.92	41.27	43.60	45.70	46.95	48.90	50.09	50.78	51.76	52.39
EpicFlow:	5.15	5.23	5.22	5.23	5.29	8.70	9.37	9.98	10.09	10.10
 RicFlow:	5.90	6.34	6.48	6.49	6.63	6.75	6.85	6.92	7.04	7.05
 FlowSAC:	4.29	6.15	4.88	4.98	5.41	5.35	4.95	6.19	4.96	5.05
FlowSAC*:	4.35	4.27	4.80	5.08	5.41	4.31	4.81	4.93	5.08	5.34
0082 : ambush_6/frame_0007.png
 Matches:	25.58	35.67	37.56	38.90	39.69	40.82	41.57	41.96	42.86	43.30
 Outlier:	34.22	41.83	43.74	45.21	46.06	47.35	48.20	48.62	49.55	50.02
EpicFlow:	9.94	11.56	11.61	11.65	11.65	11.65	11.72	11.88	12.00	11.82
 RicFlow:	5.64	6.02	5.98	6.08	6.13	6.07	6.14	6.45	6.77	7.03
 FlowSAC:	4.88	4.93	5.26	5.82	5.50	5.30	5.79	5.37	4.83	4.82
FlowSAC*:	5.09	4.96	5.56	5.54	4.90	5.14	5.39	5.30	4.91	4.92
0083 : ambush_6/frame_0008.png
 Matches:	26.00	36.13	38.19	39.60	40.49	41.69	42.40	42.87	43.47	43.72
 Outlier:	31.64	39.37	41.57	43.15	44.14	45.41	46.19	46.72	47.36	47.63
EpicFlow:	7.36	7.55	7.27	7.27	7.34	7.41	7.42	7.40	7.37	7.33
 RicFlow:	5.86	5.77	5.92	6.08	6.16	6.17	6.15	6.17	6.15	6.29
 FlowSAC:	5.46	5.09	5.33	5.38	5.37	4.94	5.04	5.37	5.45	5.29
FlowSAC*:	5.59	5.04	5.51	5.46	5.68	4.97	5.03	5.18	5.35	5.43
0084 : ambush_6/frame_0009.png
 Matches:	24.60	35.37	37.78	39.54	40.49	41.76	42.41	42.74	43.17	43.22
 Outlier:	28.08	35.42	37.86	39.61	40.70	42.21	43.01	43.43	43.90	43.97
EpicFlow:	6.94	7.06	7.07	7.07	7.06	7.11	7.00	6.98	6.98	6.98
 RicFlow:	4.30	4.60	4.80	4.94	4.89	4.98	5.00	5.07	5.07	5.22
 FlowSAC:	4.25	4.19	4.54	4.43	4.52	4.37	4.59	4.12	4.18	5.07
FlowSAC*:	4.24	4.10	4.18	4.31	4.27	4.30	4.60	4.06	3.95	4.94
0085 : ambush_6/frame_0010.png
 Matches:	20.76	31.00	33.75	35.55	36.56	38.08	38.99	39.49	40.13	40.41
 Outlier:	35.57	43.92	46.50	48.33	49.35	50.78	51.69	52.15	52.83	53.13
EpicFlow:	9.24	7.33	7.60	7.52	7.75	8.31	8.38	8.40	8.38	8.32
 RicFlow:	7.15	7.66	7.95	7.88	8.03	7.80	8.05	8.19	7.84	8.00
 FlowSAC:	7.51	7.61	6.87	7.20	7.17	6.60	7.08	7.51	6.35	6.49
FlowSAC*:	7.51	7.85	7.27	7.35	6.97	6.84	7.44	7.14	6.76	6.65
0086 : ambush_6/frame_0011.png
 Matches:	20.57	29.18	31.72	33.46	34.51	36.47	37.67	38.35	39.27	39.67
 Outlier:	31.48	39.48	42.34	44.69	46.09	48.71	50.14	50.93	51.96	52.43
EpicFlow:	7.87	8.63	8.71	8.47	7.99	8.02	7.72	7.75	7.94	7.95
 RicFlow:	7.49	8.13	8.53	8.85	9.01	9.35	9.20	9.36	9.68	9.60
 FlowSAC:	7.38	7.60	8.30	7.41	7.61	7.83	8.60	7.97	8.07	8.38
FlowSAC*:	7.32	7.68	7.82	7.31	7.63	7.77	8.26	8.07	8.10	9.09
0087 : ambush_6/frame_0012.png
 Matches:	21.33	30.33	32.50	33.95	34.74	35.97	36.71	37.25	38.08	38.54
 Outlier:	24.84	32.85	35.64	37.70	38.85	40.59	41.56	42.15	43.22	43.81
EpicFlow:	10.03	9.26	9.26	9.16	9.15	9.19	9.24	9.30	9.41	9.34
 RicFlow:	8.81	10.30	10.91	9.03	8.53	8.67	8.76	8.99	8.92	9.18
 FlowSAC:	7.42	7.87	8.26	8.02	7.92	8.23	8.04	8.01	7.73	7.56
FlowSAC*:	8.27	7.86	8.08	8.06	7.72	7.23	8.16	7.84	8.17	7.79
0088 : ambush_6/frame_0013.png
 Matches:	21.86	31.39	33.13	34.26	34.98	36.37	37.06	37.46	37.97	38.17
 Outlier:	25.98	33.77	35.98	37.52	38.54	40.47	41.41	41.96	42.68	42.94
EpicFlow:	7.16	7.66	7.61	7.41	7.47	7.61	7.60	7.61	7.62	7.63
 RicFlow:	9.36	9.50	8.27	7.46	7.58	7.68	7.68	7.83	7.85	8.05
 FlowSAC:	8.68	6.76	6.30	6.74	6.65	7.26	6.85	5.96	7.08	6.39
FlowSAC*:	8.68	6.50	6.14	6.58	6.61	7.03	6.77	6.04	6.98	6.63
0089 : ambush_6/frame_0014.png
 Matches:	15.11	21.60	22.90	23.80	24.33	25.14	25.62	25.90	26.54	27.01
 Outlier:	20.14	28.93	31.60	33.56	34.79	36.64	37.70	38.24	39.54	40.55
EpicFlow:	16.62	22.50	23.24	22.93	23.12	23.48	22.95	22.79	23.14	24.19
 RicFlow:	20.28	22.19	21.86	21.94	21.80	21.93	22.06	21.59	21.34	21.84
 FlowSAC:	16.91	20.94	24.03	22.15	23.41	20.70	18.55	24.36	22.14	22.79
FlowSAC*:	16.38	19.36	18.10	22.26	24.45	26.43	18.45	24.67	22.12	22.75
0090 : ambush_6/frame_0015.png
 Matches:	14.45	19.00	19.78	20.25	20.49	20.92	21.19	21.33	21.60	21.84
 Outlier:	11.46	18.41	20.48	21.85	22.59	23.99	24.93	25.42	26.29	27.11
EpicFlow:	53.39	62.64	47.89	48.23	51.95	50.99	51.15	51.22	52.03	50.06
 RicFlow:	52.47	51.83	51.13	55.57	55.47	60.32	60.20	60.64	59.96	56.98
 FlowSAC:	49.88	50.89	61.17	53.35	55.13	50.63	50.93	49.81	40.82	40.83
FlowSAC*:	49.81	50.90	61.15	53.45	52.54	50.63	50.96	50.02	40.86	41.11
0091 : ambush_6/frame_0016.png
 Matches:	21.17	26.62	27.54	28.10	28.38	28.71	29.04	29.28	29.78	30.05
 Outlier:	10.00	16.27	18.05	19.29	19.97	20.85	21.65	22.23	23.43	24.10
EpicFlow:	13.80	14.33	14.35	14.44	14.53	14.79	16.07	16.80	16.88	16.88
 RicFlow:	15.08	13.84	13.98	13.89	13.78	13.97	14.06	14.55	14.87	16.89
 FlowSAC:	14.91	21.53	14.06	18.82	21.08	17.85	14.84	13.16	16.55	14.80
FlowSAC*:	14.92	18.32	13.76	14.59	19.55	16.56	15.33	13.12	16.48	14.82
0092 : ambush_6/frame_0017.png
 Matches:	26.06	32.06	32.91	33.45	33.74	34.02	34.24	34.37	34.70	34.92
 Outlier:	7.98	13.41	14.70	15.69	16.32	16.95	17.43	17.74	18.47	18.97
EpicFlow:	7.15	6.73	6.44	6.47	6.36	6.32	6.27	6.28	6.39	6.49
 RicFlow:	7.19	8.24	8.18	8.22	7.48	6.76	6.83	6.88	6.78	8.12
 FlowSAC:	10.36	9.35	9.63	11.29	10.92	9.39	9.26	8.72	8.43	9.26
FlowSAC*:	10.19	9.44	9.88	10.43	10.93	9.41	10.55	8.62	8.51	9.34
0093 : ambush_6/frame_0018.png
 Matches:	25.82	32.02	32.73	33.08	33.24	33.47	33.61	33.69	33.81	34.00
 Outlier:	7.92	12.50	13.78	14.51	14.85	15.37	15.71	15.90	16.19	16.65
EpicFlow:	6.02	6.36	6.23	6.26	6.27	6.34	6.31	6.37	6.57	6.53
 RicFlow:	6.80	9.36	8.65	8.62	8.56	9.02	8.72	8.11	8.26	7.91
 FlowSAC:	20.08	15.24	17.24	17.88	20.34	10.47	10.09	18.77	18.86	12.71
FlowSAC*:	21.07	21.11	17.74	21.15	17.75	19.93	20.83	20.92	20.68	19.63
0094 : ambush_6/frame_0019.png
 Matches:	27.31	34.41	35.19	35.60	35.78	36.02	36.10	36.15	36.26	36.41
 Outlier:	7.48	12.62	13.87	14.66	15.04	15.57	15.78	15.86	16.11	16.45
EpicFlow:	6.63	5.24	5.22	4.95	4.86	5.07	5.37	5.55	5.51	5.52
 RicFlow:	5.80	5.84	5.92	5.90	5.79	5.60	5.75	5.95	6.02	5.96
 FlowSAC:	6.36	7.09	5.84	5.73	5.96	5.91	5.58	6.27	5.51	5.90
FlowSAC*:	6.73	6.79	5.67	5.83	5.89	6.10	6.16	6.45	5.73	5.95
0095 : ambush_7/frame_0041.png
 Matches:	38.77	42.17	42.48	42.68	42.79	42.97	43.06	43.10	43.18	43.28
 Outlier:	6.65	9.51	9.99	10.34	10.52	10.84	11.03	11.08	11.26	11.46
EpicFlow:	3.42	3.59	3.65	3.69	3.71	3.71	3.79	3.76	3.79	3.88
 RicFlow:	3.34	3.74	3.82	3.86	3.88	3.80	3.72	3.76	3.80	3.82
 FlowSAC:	3.45	3.95	3.91	3.97	3.93	3.98	3.88	3.88	3.89	3.93
FlowSAC*:	3.47	3.96	3.91	3.96	3.95	3.95	3.85	3.84	3.89	3.93
0096 : ambush_7/frame_0042.png
 Matches:	39.41	42.44	42.81	43.07	43.19	43.37	43.55	43.65	43.82	43.88
 Outlier:	5.17	8.08	8.77	9.27	9.50	9.82	10.18	10.40	10.75	10.87
EpicFlow:	2.97	3.16	3.25	3.31	3.40	3.50	3.57	3.60	3.81	3.96
 RicFlow:	3.16	3.46	3.52	3.53	3.56	3.48	3.68	3.68	3.78	3.79
 FlowSAC:	2.94	2.94	2.97	2.99	2.98	2.77	3.02	2.78	2.93	2.80
FlowSAC*:	2.87	2.98	2.93	3.04	3.03	3.08	3.02	2.84	2.90	2.78
0097 : bamboo_2/frame_0046.png
 Matches:	38.43	42.42	42.73	42.88	43.01	43.13	43.16	43.17	43.23	43.27
 Outlier:	6.20	9.20	9.74	10.01	10.27	10.52	10.55	10.57	10.69	10.76
EpicFlow:	3.02	3.07	3.07	3.09	3.16	3.18	3.19	3.19	3.19	3.25
 RicFlow:	3.97	4.01	3.95	4.00	3.97	4.01	4.01	4.01	4.09	4.08
 FlowSAC:	3.01	3.07	3.08	3.10	3.10	3.16	3.14	3.15	3.19	3.27
FlowSAC*:	2.98	3.07	3.09	3.11	3.09	3.13	3.14	3.15	3.20	3.20
0098 : bamboo_2/frame_0047.png
 Matches:	38.39	41.53	41.75	41.83	41.86	41.90	41.92	41.94	42.03	42.09
 Outlier:	5.18	7.63	8.00	8.15	8.19	8.27	8.33	8.36	8.56	8.67
EpicFlow:	3.87	3.98	4.01	4.02	4.01	4.01	4.02	4.03	4.08	4.09
 RicFlow:	5.62	5.54	5.54	5.56	5.54	5.54	5.54	5.54	5.61	5.59
 FlowSAC:	3.84	3.98	4.05	4.04	4.02	4.03	4.03	4.03	4.09	4.09
FlowSAC*:	3.84	3.95	3.93	3.90	3.90	3.92	3.92	3.91	3.94	4.00
0099 : cave_2/frame_0015.png
 Matches:	28.80	37.35	38.07	38.36	38.51	38.79	38.93	38.99	39.23	39.41
 Outlier:	7.87	11.74	12.70	13.20	13.51	14.09	14.37	14.51	14.98	15.32
EpicFlow:	3.88	4.22	4.26	4.29	4.30	4.29	4.32	4.34	4.46	4.48
 RicFlow:	4.61	4.65	4.70	4.66	4.64	4.66	4.65	4.67	4.62	4.60
 FlowSAC:	4.02	3.79	3.84	3.72	3.93	3.82	3.73	4.39	3.65	3.81
FlowSAC*:	4.06	3.67	3.86	3.67	4.38	3.90	4.16	3.82	3.65	3.78
0100 : cave_2/frame_0018.png
 Matches:	28.89	36.68	37.49	37.91	38.08	38.36	38.51	38.64	38.85	38.99
 Outlier:	9.23	12.80	13.88	14.54	14.86	15.41	15.71	15.92	16.33	16.60
EpicFlow:	4.16	4.33	4.40	4.44	4.45	4.48	4.53	4.57	4.76	4.82
 RicFlow:	4.46	4.59	4.64	4.80	4.74	4.77	4.90	4.88	5.00	5.27
 FlowSAC:	3.86	4.26	4.39	4.25	4.36	4.09	4.47	4.39	4.46	4.05
FlowSAC*:	3.91	3.93	4.32	4.06	4.04	4.31	4.26	4.13	4.27	4.07
0101 : cave_2/frame_0019.png
 Matches:	28.78	36.61	37.50	37.99	38.23	38.52	38.75	38.92	39.19	39.35
 Outlier:	9.63	13.96	15.29	16.15	16.63	17.22	17.65	17.94	18.46	18.77
EpicFlow:	3.99	4.25	4.45	4.54	4.55	4.57	4.58	4.61	4.86	4.86
 RicFlow:	4.61	4.74	4.97	4.96	4.94	4.98	5.06	5.06	5.04	5.10
 FlowSAC:	4.10	4.10	3.99	4.81	4.10	4.15	4.14	4.21	4.11	4.17
FlowSAC*:	4.20	4.15	4.04	4.27	4.47	4.19	4.15	4.17	4.19	4.13
0102 : cave_2/frame_0020.png
 Matches:	28.76	37.21	38.16	38.68	38.99	39.40	39.62	39.72	39.99	40.35
 Outlier:	10.52	15.68	16.98	17.81	18.33	19.10	19.51	19.66	20.18	20.83
EpicFlow:	5.34	5.51	5.58	5.56	5.54	5.51	5.52	5.52	5.74	6.58
 RicFlow:	5.76	5.95	6.04	5.79	5.77	5.83	5.83	5.85	6.87	7.18
 FlowSAC:	5.12	5.03	5.06	5.40	5.19	5.28	5.21	5.01	5.56	5.63
FlowSAC*:	5.24	5.01	5.11	5.02	5.05	5.33	5.29	4.99	5.62	5.46
0103 : cave_2/frame_0021.png
 Matches:	28.01	36.11	36.98	37.42	37.64	37.89	38.15	38.31	38.56	38.92
 Outlier:	9.98	14.80	16.10	16.85	17.30	17.82	18.37	18.69	19.21	19.87
EpicFlow:	7.14	7.99	7.97	7.97	8.07	8.03	8.04	8.02	8.15	8.15
 RicFlow:	8.29	9.12	8.34	9.26	8.88	14.19	8.69	14.91	15.33	9.02
 FlowSAC:	7.34	20.99	20.30	19.82	20.01	19.96	19.36	20.16	20.02	7.28
FlowSAC*:	7.29	7.33	20.28	19.75	20.99	19.94	19.46	20.10	19.96	7.27
0104 : cave_2/frame_0022.png
 Matches:	24.79	32.30	33.30	33.85	34.16	34.56	34.81	34.97	35.19	35.55
 Outlier:	7.89	12.97	14.67	15.76	16.44	17.33	17.88	18.24	18.71	19.48
EpicFlow:	9.50	22.22	22.46	21.82	21.91	21.80	21.81	21.82	21.74	21.29
 RicFlow:	10.29	10.48	10.50	10.30	10.30	10.14	10.53	9.94	10.24	10.15
 FlowSAC:	9.73	9.36	9.99	9.16	8.56	8.80	8.89	8.73	9.15	8.89
FlowSAC*:	9.24	8.99	8.63	9.03	8.79	8.45	8.87	8.44	9.49	8.39
0105 : cave_2/frame_0023.png
 Matches:	20.08	26.20	27.14	27.70	28.02	28.60	29.02	29.18	29.54	29.78
 Outlier:	9.19	14.49	16.38	17.72	18.52	20.12	21.21	21.64	22.59	23.17
EpicFlow:	34.13	36.54	37.28	30.33	30.31	29.81	30.51	30.81	30.84	31.01
 RicFlow:	19.96	32.16	32.96	30.16	32.74	28.77	30.84	30.35	31.73	29.00
 FlowSAC:	30.33	21.01	20.53	21.36	20.63	20.83	21.23	20.87	21.58	21.83
FlowSAC*:	21.95	22.28	37.54	21.17	21.11	20.73	21.63	23.01	39.18	20.56
0106 : cave_2/frame_0024.png
 Matches:	19.35	24.93	25.78	26.27	26.59	27.03	27.38	27.54	27.98	28.30
 Outlier:	11.21	16.97	18.94	20.26	21.19	22.37	23.29	23.73	24.87	25.68
EpicFlow:	24.28	23.12	22.02	25.33	23.46	22.07	22.88	22.94	23.33	23.77
 RicFlow:	23.00	22.76	23.22	23.30	22.89	23.01	23.20	23.36	22.83	23.04
 FlowSAC:	27.87	27.62	26.69	28.09	26.74	21.42	21.15	21.10	21.27	28.72
FlowSAC*:	28.10	26.88	27.00	27.80	27.24	20.91	22.32	21.62	21.67	26.00
0107 : cave_2/frame_0025.png
 Matches:	21.50	26.42	27.00	27.30	27.45	27.70	27.89	27.95	28.15	28.36
 Outlier:	6.26	10.54	11.61	12.34	12.81	13.53	14.06	14.23	14.80	15.39
EpicFlow:	40.64	50.68	51.75	51.80	52.67	55.52	56.80	56.52	53.21	53.22
 RicFlow:	41.50	49.36	50.76	50.43	50.90	50.46	50.39	50.52	50.32	50.07
 FlowSAC:	49.17	42.53	52.19	50.36	50.05	50.89	40.00	40.56	46.08	40.08
FlowSAC*:	47.18	42.39	47.58	42.22	39.71	41.83	41.57	49.94	46.56	47.94
0108 : cave_2/frame_0026.png
 Matches:	25.72	32.44	33.23	33.54	33.70	33.98	34.17	34.27	34.51	34.60
 Outlier:	9.43	14.73	16.05	16.65	17.00	17.62	18.03	18.21	18.74	18.92
EpicFlow:	17.77	18.62	18.86	18.84	18.75	18.91	19.31	18.94	18.53	18.47
 RicFlow:	20.71	17.77	18.03	18.15	18.16	18.25	18.06	18.05	18.20	18.05
 FlowSAC:	17.15	18.78	19.72	19.81	19.36	19.95	19.29	19.19	19.39	18.93
FlowSAC*:	17.10	18.80	19.12	19.83	20.09	19.87	19.34	19.03	18.84	18.58
0109 : cave_2/frame_0027.png
 Matches:	28.00	34.80	35.66	36.00	36.16	36.45	36.58	36.67	36.89	36.98
 Outlier:	9.92	15.15	16.53	17.19	17.51	18.07	18.35	18.55	19.02	19.21
EpicFlow:	7.32	8.37	8.66	8.72	8.74	8.69	10.06	10.13	10.06	10.00
 RicFlow:	7.66	8.24	8.35	8.39	8.41	8.32	8.38	8.34	9.87	9.46
 FlowSAC:	7.18	7.49	7.28	7.71	7.36	7.60	7.20	7.86	7.28	7.18
FlowSAC*:	7.25	7.47	7.43	7.96	7.51	7.28	7.46	7.43	7.12	7.22
0110 : cave_2/frame_0028.png
 Matches:	28.07	35.12	36.08	36.44	36.61	36.89	37.01	37.10	37.45	37.68
 Outlier:	13.18	18.44	19.80	20.44	20.78	21.30	21.51	21.71	22.38	22.80
EpicFlow:	6.65	7.49	7.82	7.93	7.93	8.02	8.05	7.83	7.87	8.25
 RicFlow:	7.55	8.07	8.12	8.17	8.11	8.27	8.39	8.48	8.13	8.24
 FlowSAC:	6.35	6.48	6.35	6.74	6.66	6.31	6.74	7.05	7.02	6.85
FlowSAC*:	6.17	6.34	6.64	6.43	6.54	6.45	6.51	6.96	7.04	7.01
0111 : cave_2/frame_0029.png
 Matches:	27.45	33.62	34.46	34.77	34.91	35.10	35.29	35.42	35.71	35.94
 Outlier:	11.77	16.30	17.55	18.19	18.47	18.89	19.30	19.57	20.24	20.72
EpicFlow:	12.35	12.24	12.38	12.43	12.44	12.41	12.56	12.63	12.83	12.92
 RicFlow:	11.67	12.42	12.39	11.95	12.11	11.97	12.35	12.89	12.98	12.65
 FlowSAC:	11.80	12.10	12.09	12.39	12.23	11.72	12.33	12.14	12.37	11.85
FlowSAC*:	11.80	12.08	12.28	11.61	12.01	12.28	12.33	12.21	12.42	11.95
0112 : cave_2/frame_0030.png
 Matches:	26.67	31.27	31.84	32.06	32.15	32.22	32.27	32.28	32.33	32.39
 Outlier:	9.89	12.63	13.66	14.16	14.37	14.56	14.68	14.71	14.85	14.99
EpicFlow:	18.01	18.31	18.35	18.48	18.50	18.53	17.84	17.84	17.86	17.84
 RicFlow:	20.38	22.69	22.61	22.25	22.97	22.96	23.11	22.98	22.56	22.44
 FlowSAC:	17.99	17.92	17.82	18.44	18.08	18.33	18.07	18.11	17.96	18.17
FlowSAC*:	17.89	17.87	18.10	17.90	18.35	18.91	18.04	17.99	17.96	18.18
0113 : cave_2/frame_0031.png
 Matches:	23.92	28.34	29.06	29.33	29.48	29.65	29.75	29.80	29.90	29.97
 Outlier:	11.21	14.41	15.83	16.54	16.94	17.40	17.66	17.78	18.05	18.21
EpicFlow:	14.46	14.49	14.78	14.88	15.03	15.00	14.76	14.70	14.64	14.90
 RicFlow:	15.33	15.49	15.66	15.86	16.57	16.22	16.49	16.45	15.68	15.64
 FlowSAC:	13.98	14.44	13.99	14.58	14.33	14.55	14.03	14.17	14.09	14.11
FlowSAC*:	13.86	14.12	14.21	14.45	14.29	14.40	13.96	14.88	13.79	14.18
0114 : cave_2/frame_0032.png
 Matches:	15.91	20.59	21.24	21.48	21.59	21.73	21.79	21.85	21.92	21.97
 Outlier:	14.64	19.60	21.23	21.97	22.31	22.73	22.94	23.14	23.36	23.51
EpicFlow:	24.22	28.08	28.13	28.06	28.37	28.00	28.04	29.22	27.89	31.51
 RicFlow:	22.03	23.45	22.88	22.69	22.74	22.76	22.60	22.58	22.67	22.60
 FlowSAC:	22.72	22.33	23.13	23.24	23.45	22.44	23.39	22.08	21.77	24.40
FlowSAC*:	21.75	22.88	22.01	21.84	23.44	26.37	22.16	22.13	24.10	30.71
0115 : cave_2/frame_0033.png
 Matches:	16.46	21.90	22.75	23.05	23.20	23.43	23.49	23.55	23.62	23.70
 Outlier:	18.22	23.54	25.14	25.77	26.18	26.72	26.91	27.05	27.25	27.44
EpicFlow:	14.67	15.41	15.42	15.27	15.01	15.24	15.26	14.93	17.87	18.15
 RicFlow:	15.97	16.79	17.72	17.88	17.93	17.99	17.83	17.80	18.44	17.94
 FlowSAC:	14.63	15.08	14.98	14.94	14.98	15.16	15.59	20.67	16.30	14.94
FlowSAC*:	14.57	14.33	15.05	13.11	14.33	15.20	15.74	21.23	13.46	15.64
0116 : cave_2/frame_0034.png
 Matches:	21.29	28.50	29.84	30.53	30.93	31.33	31.61	31.84	32.21	32.55
 Outlier:	20.99	27.66	29.87	31.23	31.98	32.78	33.35	33.78	34.50	35.15
EpicFlow:	10.45	10.26	10.28	10.35	10.44	10.42	10.31	10.43	10.45	11.07
 RicFlow:	9.81	9.73	10.09	10.18	10.55	10.91	11.01	11.13	11.31	11.94
 FlowSAC:	6.87	8.18	8.74	8.55	8.22	8.73	8.69	9.57	8.67	9.60
FlowSAC*:	6.83	8.23	8.33	8.02	8.70	8.76	8.80	9.27	9.26	10.55
0117 : cave_2/frame_0035.png
 Matches:	24.32	32.91	34.45	35.39	35.85	36.38	36.73	36.95	37.35	37.69
 Outlier:	28.79	36.10	38.05	39.41	40.11	40.91	41.47	41.77	42.37	42.87
EpicFlow:	6.17	8.78	8.95	9.04	9.06	9.13	9.27	9.38	9.40	9.78
 RicFlow:	6.18	6.61	6.80	7.01	6.88	7.00	7.19	7.43	7.66	7.72
 FlowSAC:	6.52	6.46	5.96	6.62	6.67	6.63	6.47	6.47	7.03	7.15
FlowSAC*:	6.63	6.45	6.17	6.54	6.37	6.74	6.65	6.32	6.99	7.03
0118 : cave_2/frame_0036.png
 Matches:	25.70	33.62	34.86	35.49	35.71	36.13	36.49	36.69	37.03	37.19
 Outlier:	32.18	37.40	38.79	39.55	39.85	40.48	41.01	41.26	41.64	41.84
EpicFlow:	8.28	9.18	9.23	9.33	9.33	9.36	9.68	9.59	9.21	9.50
 RicFlow:	8.56	8.10	7.96	8.09	8.11	8.13	8.67	8.63	8.23	8.07
 FlowSAC:	10.27	8.04	8.79	8.56	9.15	8.20	7.56	7.58	8.44	8.17
FlowSAC*:	10.15	8.13	8.01	8.39	8.03	8.22	7.70	8.08	7.63	8.36
0119 : cave_2/frame_0037.png
 Matches:	26.57	34.41	35.54	36.12	36.43	36.87	37.13	37.31	37.55	37.70
 Outlier:	27.96	33.03	34.38	35.19	35.67	36.36	36.73	37.00	37.40	37.64
EpicFlow:	8.75	10.14	10.00	9.84	9.94	9.94	9.97	10.02	10.01	9.95
 RicFlow:	10.44	10.80	11.55	11.66	11.85	11.77	11.90	12.09	12.09	12.30
 FlowSAC:	7.28	7.50	9.62	9.48	9.48	9.83	8.00	10.72	8.13	8.16
FlowSAC*:	7.32	7.45	9.67	9.69	10.16	9.81	10.62	10.62	11.19	11.58
0120 : cave_2/frame_0038.png
 Matches:	29.34	36.97	38.16	38.86	39.17	39.66	39.89	40.07	40.42	40.66
 Outlier:	24.73	30.62	31.77	32.71	33.17	33.88	34.17	34.37	34.89	35.25
EpicFlow:	5.09	5.54	5.58	5.62	5.60	5.70	5.76	5.82	6.12	6.48
 RicFlow:	5.26	5.54	5.37	5.96	5.50	5.57	5.54	5.64	5.80	6.00
 FlowSAC:	4.50	5.02	4.96	5.11	4.92	5.01	5.02	5.10	5.04	5.14
FlowSAC*:	4.58	4.97	5.10	5.12	5.45	4.85	4.91	5.32	5.08	5.04
0121 : cave_2/frame_0039.png
 Matches:	33.39	41.09	42.24	42.85	43.06	43.36	43.66	43.88	44.10	44.18
 Outlier:	19.23	24.22	25.36	26.13	26.43	26.85	27.31	27.67	28.01	28.13
EpicFlow:	2.61	2.88	2.98	3.09	3.13	3.16	3.23	3.29	3.34	3.40
 RicFlow:	2.89	3.22	3.40	3.57	3.61	3.68	3.68	3.67	3.78	3.83
 FlowSAC:	2.69	2.81	2.84	2.72	2.83	2.66	2.90	3.01	2.88	2.91
FlowSAC*:	2.69	2.79	2.75	2.72	2.76	2.70	2.90	2.97	2.82	2.89
0122 : cave_4/frame_0005.png
 Matches:	32.39	38.76	39.19	39.52	39.67	39.84	39.91	39.95	39.99	40.02
 Outlier:	5.41	8.75	9.48	10.08	10.34	10.60	10.69	10.77	10.86	10.89
EpicFlow:	4.02	4.00	4.01	4.02	4.02	4.03	4.03	4.03	4.03	4.10
 RicFlow:	4.87	5.00	4.90	4.91	4.89	4.93	4.92	4.93	4.93	4.89
 FlowSAC:	4.26	4.21	4.11	4.12	4.36	4.18	4.17	4.14	4.14	4.16
FlowSAC*:	4.81	4.20	4.15	4.13	4.39	4.38	4.40	4.37	4.14	4.19
0123 : cave_4/frame_0006.png
 Matches:	32.07	39.08	39.54	39.80	39.97	40.16	40.26	40.34	40.44	40.48
 Outlier:	6.80	10.52	11.15	11.60	11.88	12.22	12.40	12.52	12.71	12.77
EpicFlow:	3.55	3.57	3.58	3.59	3.59	3.59	3.60	3.60	3.61	3.61
 RicFlow:	4.30	4.29	4.29	4.29	4.29	4.28	4.29	4.29	4.30	4.43
 FlowSAC:	3.57	3.79	3.80	3.59	3.64	3.76	3.67	3.86	3.88	3.81
FlowSAC*:	3.47	3.78	3.71	3.60	3.68	3.66	3.66	3.80	4.00	3.84
0124 : cave_4/frame_0007.png
 Matches:	32.59	39.76	40.25	40.55	40.75	40.99	41.13	41.23	41.34	41.37
 Outlier:	8.04	12.39	13.15	13.63	13.97	14.33	14.56	14.69	14.83	14.88
EpicFlow:	3.62	3.69	3.71	3.71	3.72	3.76	3.75	3.75	3.75	3.74
 RicFlow:	4.34	4.30	4.32	4.34	4.33	4.33	4.32	4.32	4.31	4.31
 FlowSAC:	3.76	3.69	3.82	3.49	3.52	3.56	3.53	3.79	3.80	3.52
FlowSAC*:	3.62	3.71	3.64	3.57	3.58	3.56	3.61	3.63	3.55	3.60
0125 : cave_4/frame_0008.png
 Matches:	33.48	40.39	40.86	41.20	41.38	41.58	41.64	41.70	41.76	41.83
 Outlier:	7.22	10.86	11.57	12.12	12.41	12.71	12.83	12.90	13.00	13.13
EpicFlow:	5.44	5.47	5.49	5.49	5.50	5.50	5.48	5.48	5.49	5.50
 RicFlow:	6.03	5.84	5.83	5.82	5.84	5.83	5.81	5.79	5.82	5.81
 FlowSAC:	5.45	5.75	5.50	5.48	5.49	5.52	5.50	5.45	5.43	5.48
FlowSAC*:	5.53	5.48	5.51	5.47	5.43	5.45	5.40	5.47	5.42	5.45
0126 : cave_4/frame_0009.png
 Matches:	33.15	40.22	40.65	40.88	40.99	41.13	41.21	41.24	41.26	41.31
 Outlier:	7.03	10.69	11.34	11.69	11.87	12.12	12.23	12.29	12.33	12.40
EpicFlow:	4.63	4.77	4.79	4.81	4.82	4.82	4.81	4.81	4.82	4.83
 RicFlow:	5.58	5.47	5.48	5.43	5.45	5.43	5.42	5.43	5.41	5.50
 FlowSAC:	4.77	4.77	4.85	4.80	4.78	4.83	4.80	4.81	4.82	4.86
FlowSAC*:	4.80	4.76	4.91	4.70	4.79	4.91	4.88	4.86	4.88	4.88
0127 : cave_4/frame_0010.png
 Matches:	33.67	40.20	40.65	40.88	41.05	41.28	41.36	41.38	41.41	41.47
 Outlier:	7.07	10.96	11.66	12.01	12.29	12.63	12.77	12.78	12.84	12.93
EpicFlow:	6.53	6.54	6.56	6.55	6.56	6.52	6.55	6.55	6.64	6.65
 RicFlow:	7.43	7.41	7.40	7.32	7.32	7.32	7.29	7.29	7.30	7.30
 FlowSAC:	6.42	6.67	6.64	6.46	6.47	6.47	6.57	6.57	6.57	6.55
FlowSAC*:	6.44	6.69	6.68	6.48	6.53	6.49	6.53	6.52	6.57	6.61
0128 : cave_4/frame_0011.png
 Matches:	33.05	40.14	40.63	40.93	41.15	41.40	41.52	41.61	41.76	41.80
 Outlier:	6.85	10.73	11.48	11.99	12.35	12.75	12.95	13.08	13.32	13.39
EpicFlow:	4.87	4.90	4.92	4.93	4.93	4.94	4.93	4.93	4.98	4.98
 RicFlow:	5.73	5.60	5.78	5.77	5.79	5.79	5.76	5.75	5.77	5.78
 FlowSAC:	4.89	4.97	5.01	4.95	5.04	5.04	5.09	5.03	5.01	5.02
FlowSAC*:	4.95	4.99	5.04	5.04	5.09	5.02	5.08	5.09	5.06	5.08
0129 : cave_4/frame_0016.png
 Matches:	32.98	39.27	39.58	39.78	39.92	40.15	40.21	40.22	40.24	40.25
 Outlier:	6.52	10.07	10.63	10.96	11.17	11.54	11.65	11.67	11.72	11.74
EpicFlow:	3.54	3.54	3.56	3.57	3.59	3.63	3.63	3.63	3.66	3.67
 RicFlow:	4.22	4.07	4.07	4.13	4.07	4.07	4.08	4.10	4.11	4.10
 FlowSAC:	3.82	3.52	3.81	3.51	3.67	3.96	3.95	3.84	3.88	3.91
FlowSAC*:	4.29	3.56	3.91	3.57	3.74	4.26	4.14	3.90	4.36	4.38
0130 : cave_4/frame_0042.png
 Matches:	28.26	33.19	33.52	33.72	33.84	33.94	33.98	33.99	34.01	34.04
 Outlier:	6.20	9.64	10.14	10.56	10.83	11.06	11.14	11.18	11.23	11.30
EpicFlow:	7.04	6.55	6.54	6.54	6.54	6.54	6.54	6.54	6.54	6.57
 RicFlow:	7.70	7.78	7.75	7.81	7.80	7.65	7.74	7.66	7.59	7.56
 FlowSAC:	6.70	6.47	6.64	6.54	6.47	6.54	6.62	6.52	7.37	7.36
FlowSAC*:	6.65	6.59	6.74	6.63	6.49	6.55	6.59	6.49	7.33	7.34
0131 : cave_4/frame_0043.png
 Matches:	27.58	33.08	33.54	33.82	33.98	34.22	34.35	34.42	34.52	34.58
 Outlier:	9.03	13.65	14.51	15.10	15.45	15.96	16.22	16.35	16.53	16.67
EpicFlow:	11.42	10.53	10.60	10.59	10.57	10.55	10.51	10.42	10.36	10.47
 RicFlow:	11.08	9.71	9.54	9.75	9.54	9.55	9.67	9.50	9.70	9.47
 FlowSAC:	12.12	11.12	10.60	10.55	10.74	10.62	10.59	10.77	10.77	10.76
FlowSAC*:	12.17	11.50	10.68	11.43	10.99	10.71	10.73	10.74	10.73	10.56
0132 : cave_4/frame_0044.png
 Matches:	24.53	30.10	30.51	30.81	31.03	31.38	31.58	31.68	31.78	31.86
 Outlier:	7.52	12.34	13.30	14.03	14.52	15.26	15.66	15.87	16.05	16.17
EpicFlow:	20.00	16.67	16.61	17.17	16.00	16.03	16.00	16.00	15.93	15.90
 RicFlow:	22.87	22.35	22.02	22.15	22.08	21.91	21.95	21.95	22.00	21.96
 FlowSAC:	23.15	22.64	22.50	22.84	22.32	21.57	22.28	22.15	22.67	22.67
FlowSAC*:	24.26	22.59	22.63	22.66	22.60	22.71	22.69	22.49	22.75	22.50
0133 : cave_4/frame_0045.png
 Matches:	25.42	30.83	31.25	31.55	31.73	31.99	32.15	32.27	32.46	32.63
 Outlier:	7.87	12.24	13.15	13.88	14.35	14.99	15.33	15.61	16.03	16.33
EpicFlow:	19.57	19.69	19.72	19.73	19.75	17.11	19.73	19.37	19.46	19.44
 RicFlow:	20.28	19.97	20.05	19.95	20.05	20.25	20.25	20.23	20.06	19.90
 FlowSAC:	18.65	18.81	19.10	19.53	18.94	19.12	19.16	19.19	19.28	19.29
FlowSAC*:	18.66	19.25	19.41	19.99	18.86	19.08	19.05	19.53	19.64	19.60
0134 : cave_4/frame_0046.png
 Matches:	23.09	27.79	28.15	28.36	28.46	28.59	28.71	28.76	28.87	28.95
 Outlier:	7.41	11.50	12.21	12.68	12.95	13.30	13.61	13.76	13.97	14.14
EpicFlow:	18.44	18.50	18.46	18.47	18.47	18.51	18.46	18.47	18.46	18.47
 RicFlow:	18.08	18.25	18.48	18.48	18.47	18.60	18.48	18.50	18.48	18.48
 FlowSAC:	18.65	18.53	18.73	18.66	18.72	18.74	18.77	18.65	19.04	18.70
FlowSAC*:	18.60	18.84	18.91	18.71	18.63	18.64	18.86	18.98	19.14	18.78
0135 : cave_4/frame_0047.png
 Matches:	21.03	25.62	25.97	26.13	26.21	26.39	26.49	26.53	26.64	26.78
 Outlier:	7.09	11.48	12.26	12.69	12.90	13.33	13.62	13.74	14.07	14.39
EpicFlow:	7.50	7.80	7.83	7.83	7.82	7.75	7.81	7.81	7.84	7.85
 RicFlow:	8.65	8.58	8.64	8.61	8.61	8.53	8.54	8.57	8.60	8.63
 FlowSAC:	7.90	8.66	8.62	9.22	8.64	8.45	8.47	8.44	8.46	8.42
FlowSAC*:	7.81	8.70	8.81	8.62	8.72	8.53	8.63	8.50	8.45	8.46
0136 : cave_4/frame_0048.png
 Matches:	24.61	30.77	31.31	31.60	31.81	32.02	32.14	32.21	32.39	32.67
 Outlier:	9.63	14.11	15.00	15.67	16.11	16.62	16.91	17.10	17.46	18.06
EpicFlow:	7.81	7.37	7.50	7.57	7.59	7.66	7.68	7.63	7.79	8.36
 RicFlow:	8.79	8.63	8.64	8.50	8.69	8.57	8.43	8.59	8.53	8.73
 FlowSAC:	10.99	9.29	7.30	8.13	7.30	7.72	7.56	8.31	8.40	7.56
FlowSAC*:	9.63	8.14	7.43	7.34	8.95	7.56	7.54	8.24	8.03	7.70
0137 : cave_4/frame_0049.png
 Matches:	28.96	35.16	35.67	36.03	36.20	36.55	36.74	36.88	37.11	37.24
 Outlier:	8.79	13.03	13.92	14.60	14.95	15.60	15.98	16.28	16.75	17.05
EpicFlow:	4.81	4.52	4.52	4.54	4.54	5.40	5.78	5.68	5.82	5.67
 RicFlow:	5.16	5.19	5.14	4.97	5.25	6.36	6.55	6.09	5.99	6.25
 FlowSAC:	5.18	5.07	5.29	6.68	5.20	5.03	5.04	4.95	6.58	5.84
FlowSAC*:	5.12	5.18	5.39	6.43	6.27	6.19	6.50	6.68	6.59	6.33
0138 : market_5/frame_0001.png
 Matches:	22.61	31.91	33.34	34.07	34.42	34.97	35.29	35.47	35.84	36.13
 Outlier:	18.09	23.06	24.85	26.06	26.65	27.54	28.14	28.48	29.21	29.75
EpicFlow:	10.90	11.79	11.53	11.78	11.76	11.78	11.59	11.80	11.98	12.48
 RicFlow:	12.68	12.55	12.50	12.44	12.43	12.51	12.34	12.68	12.96	12.97
 FlowSAC:	5.75	7.38	8.59	7.41	7.34	7.86	9.54	7.67	10.68	7.26
FlowSAC*:	7.54	7.52	8.78	8.64	7.79	11.09	9.84	7.63	11.09	7.41
0139 : market_5/frame_0002.png
 Matches:	23.46	33.72	34.94	35.56	35.93	36.42	36.76	36.92	37.20	37.40
 Outlier:	16.61	21.23	22.72	23.70	24.26	25.01	25.68	25.99	26.52	26.89
EpicFlow:	4.66	5.40	5.33	5.56	5.58	5.59	5.57	5.44	5.41	5.34
 RicFlow:	7.52	8.53	8.63	7.87	7.04	7.56	7.24	7.54	7.24	7.56
 FlowSAC:	4.56	4.46	4.63	5.01	4.79	4.61	4.67	5.07	4.71	4.51
FlowSAC*:	4.54	4.59	4.67	4.87	5.11	4.66	4.87	5.11	4.72	4.53
0140 : market_5/frame_0003.png
 Matches:	21.84	29.77	30.88	31.39	31.63	31.94	32.18	32.33	32.69	32.86
 Outlier:	12.45	15.58	17.00	17.88	18.42	19.07	19.59	19.89	20.75	21.10
EpicFlow:	10.91	8.14	8.08	9.72	9.68	9.60	11.27	11.33	12.84	14.79
 RicFlow:	8.67	9.77	10.19	12.40	10.70	13.15	11.58	11.91	12.63	12.27
 FlowSAC:	7.81	8.06	8.20	8.17	8.31	7.19	7.28	8.87	8.84	8.61
FlowSAC*:	7.88	7.68	8.11	8.11	8.28	8.06	8.66	8.20	8.99	8.71
0141 : market_5/frame_0004.png
 Matches:	22.12	29.76	31.02	31.61	31.94	32.42	32.69	32.81	33.10	33.32
 Outlier:	23.05	25.75	27.21	28.05	28.57	29.39	29.87	30.08	30.64	31.09
EpicFlow:	13.28	12.62	12.68	12.34	13.14	13.53	13.56	13.08	14.48	14.28
 RicFlow:	10.00	13.11	14.60	13.58	13.94	14.54	15.15	15.73	15.72	17.03
 FlowSAC:	12.35	8.56	9.85	10.14	8.85	10.39	9.23	9.88	11.23	11.04
FlowSAC*:	13.12	8.55	9.64	10.11	8.82	10.25	9.18	9.81	11.00	10.18
0142 : market_5/frame_0005.png
 Matches:	23.92	32.87	34.86	35.84	36.23	36.81	37.10	37.22	37.41	37.51
 Outlier:	21.39	25.25	27.44	28.89	29.50	30.36	30.84	30.99	31.29	31.44
EpicFlow:	28.69	86.31	86.93	29.52	29.42	28.17	28.38	28.62	28.56	26.20
 RicFlow:	18.40	18.93	17.95	18.91	17.74	17.58	17.66	18.68	18.53	18.67
 FlowSAC:	12.92	12.29	16.26	15.81	15.43	15.78	15.74	15.33	15.19	15.42
FlowSAC*:	12.87	12.23	16.26	15.86	16.12	15.77	15.47	15.37	15.20	15.49
0143 : market_5/frame_0006.png
 Matches:	23.47	32.55	34.14	34.90	35.31	35.78	36.09	36.23	36.55	36.77
 Outlier:	23.26	28.18	30.15	31.23	31.88	32.63	33.11	33.30	33.84	34.21
EpicFlow:	15.05	14.88	14.97	14.71	14.66	14.56	14.59	14.52	14.76	15.10
 RicFlow:	15.32	14.32	15.20	15.52	15.66	15.66	15.69	15.89	15.56	15.97
 FlowSAC:	15.49	15.25	15.52	15.77	15.12	15.72	15.48	15.63	15.11	15.52
FlowSAC*:	15.59	15.22	15.53	15.53	15.34	15.13	15.20	15.48	15.19	15.56
0144 : market_5/frame_0007.png
 Matches:	28.73	37.84	38.81	39.33	39.67	40.11	40.38	40.51	40.79	40.88
 Outlier:	20.30	24.13	25.16	25.89	26.44	27.18	27.60	27.81	28.18	28.30
EpicFlow:	5.70	5.75	5.82	5.91	5.82	5.78	5.68	5.69	5.83	5.89
 RicFlow:	5.12	5.20	5.19	5.27	5.29	5.35	5.31	5.65	5.86	5.60
 FlowSAC:	6.25	6.22	6.22	6.25	6.35	6.20	6.16	6.12	6.37	6.38
FlowSAC*:	6.25	6.27	6.24	6.30	6.31	6.39	6.18	6.16	6.55	6.40
0145 : market_5/frame_0008.png
 Matches:	24.49	32.09	33.26	33.89	34.27	34.65	34.87	34.99	35.23	35.34
 Outlier:	11.17	15.02	16.70	17.86	18.63	19.43	19.91	20.13	20.56	20.76
EpicFlow:	8.67	8.76	8.87	8.88	8.86	8.88	8.91	8.91	8.96	8.97
 RicFlow:	8.10	8.62	8.69	8.76	8.54	8.49	8.51	8.50	8.49	8.47
 FlowSAC:	7.88	7.93	8.07	8.64	7.75	7.69	8.00	8.23	8.07	7.97
FlowSAC*:	8.02	7.83	8.06	8.12	7.69	8.06	8.06	8.22	8.48	8.27
0146 : market_5/frame_0009.png
 Matches:	18.52	26.21	27.16	27.61	27.98	28.59	28.92	29.03	29.25	29.44
 Outlier:	25.67	30.66	31.84	32.61	33.42	34.76	35.44	35.65	36.13	36.53
EpicFlow:	19.70	19.99	20.30	20.31	20.38	20.37	20.61	20.59	20.85	21.19
 RicFlow:	20.64	21.82	21.84	21.75	21.10	21.40	21.54	21.54	21.51	21.89
 FlowSAC:	24.00	26.09	24.25	24.54	26.15	24.83	24.71	24.79	25.11	24.86
FlowSAC*:	26.76	23.66	26.64	24.51	24.14	26.22	24.63	24.62	25.07	24.95
0147 : market_5/frame_0010.png
 Matches:	18.53	27.49	28.53	29.02	29.27	29.53	29.64	29.70	29.84	29.89
 Outlier:	29.46	33.97	34.98	35.75	36.18	36.70	36.89	37.01	37.29	37.38
EpicFlow:	16.87	17.38	18.35	18.46	18.47	18.55	18.72	18.77	19.03	19.23
 RicFlow:	16.88	15.64	14.40	14.18	14.11	14.14	14.26	14.25	14.21	14.14
 FlowSAC:	18.37	19.81	16.00	15.93	15.67	16.07	16.09	16.07	16.15	16.13
FlowSAC*:	18.31	17.42	16.04	16.06	15.70	16.02	16.02	16.19	16.19	16.47
0148 : market_5/frame_0011.png
 Matches:	17.52	24.67	25.57	26.07	26.30	26.57	26.72	26.80	26.94	27.03
 Outlier:	30.65	34.12	35.20	36.05	36.44	36.93	37.24	37.43	37.74	37.97
EpicFlow:	19.54	19.74	19.54	18.73	18.58	18.34	18.30	18.18	18.49	18.20
 RicFlow:	19.73	17.26	19.01	18.88	19.18	18.70	18.15	18.10	18.85	19.12
 FlowSAC:	17.63	17.19	17.13	16.79	16.90	17.38	17.26	17.22	18.06	18.03
FlowSAC*:	17.62	17.25	17.14	16.74	17.10	17.39	17.29	17.03	17.85	17.67
0149 : market_5/frame_0012.png
 Matches:	21.22	29.70	30.75	31.27	31.50	31.76	31.84	31.88	31.96	32.00
 Outlier:	32.45	36.68	37.70	38.33	38.67	39.09	39.22	39.28	39.44	39.51
EpicFlow:	20.43	20.07	19.90	19.84	19.83	19.92	19.98	20.01	20.05	20.18
 RicFlow:	21.38	21.87	22.61	22.19	21.88	22.17	22.15	22.37	22.17	22.11
 FlowSAC:	24.18	22.75	23.74	23.62	23.04	22.54	22.80	22.68	20.81	20.90
FlowSAC*:	23.96	22.87	23.70	23.10	23.05	22.52	22.81	22.75	22.70	20.84
0150 : market_5/frame_0013.png
 Matches:	24.21	33.23	34.60	35.37	35.69	36.17	36.53	36.68	36.91	37.06
 Outlier:	24.31	29.31	30.82	31.71	32.12	32.87	33.47	33.70	34.11	34.37
EpicFlow:	14.22	13.26	13.12	13.07	13.06	13.50	13.43	13.94	14.22	13.92
 RicFlow:	16.73	14.54	12.40	12.91	12.82	14.71	14.36	14.69	14.61	14.68
 FlowSAC:	21.57	19.18	19.52	21.48	20.19	20.70	20.55	21.34	21.39	19.73
FlowSAC*:	21.01	19.26	20.55	20.51	20.38	20.25	21.24	21.23	21.53	21.74
0151 : market_5/frame_0014.png
 Matches:	24.20	32.41	34.24	35.00	35.43	35.90	36.13	36.31	36.67	36.86
 Outlier:	23.22	27.35	29.63	30.71	31.31	32.10	32.52	32.84	33.46	33.81
EpicFlow:	13.42	14.89	15.03	15.21	15.57	16.05	16.45	16.78	17.30	16.59
 RicFlow:	11.50	12.66	13.13	14.27	14.22	14.30	14.70	14.36	15.30	15.10
 FlowSAC:	10.99	11.06	11.58	11.28	10.81	11.21	11.32	11.10	10.74	10.72
FlowSAC*:	11.00	11.98	11.77	11.44	11.46	12.26	11.61	12.56	11.74	11.71
0152 : market_5/frame_0015.png
 Matches:	23.85	32.81	34.01	34.51	34.80	35.17	35.33	35.48	35.65	35.88
 Outlier:	26.94	31.57	32.46	32.92	33.30	33.78	34.05	34.31	34.63	35.05
EpicFlow:	10.41	10.01	10.31	10.84	10.97	10.97	11.02	11.14	11.52	11.85
 RicFlow:	10.20	9.99	10.98	10.66	10.52	11.09	10.81	10.92	11.09	11.39
 FlowSAC:	11.63	11.10	11.66	12.25	12.10	12.13	12.33	12.04	12.12	12.25
FlowSAC*:	11.01	11.74	11.97	11.97	12.21	11.68	11.95	12.33	12.07	12.17
0153 : market_5/frame_0016.png
 Matches:	27.67	37.35	38.25	38.67	38.92	39.18	39.39	39.44	39.52	39.58
 Outlier:	17.23	21.45	22.39	22.93	23.27	23.69	24.06	24.15	24.28	24.35
EpicFlow:	7.08	7.40	7.34	7.33	7.33	7.36	7.41	7.41	7.43	7.34
 RicFlow:	6.63	7.17	6.70	7.01	6.97	6.88	7.02	6.89	6.99	7.02
 FlowSAC:	7.32	7.33	6.59	6.55	6.62	7.15	6.85	7.09	7.28	7.41
FlowSAC*:	7.26	7.26	7.09	6.55	6.59	6.53	7.33	7.02	7.04	6.82
0154 : market_5/frame_0017.png
 Matches:	27.01	36.26	37.23	37.74	38.05	38.48	38.78	38.91	39.08	39.15
 Outlier:	15.22	19.86	20.93	21.65	22.11	22.83	23.25	23.47	23.73	23.82
EpicFlow:	7.15	6.46	6.48	6.50	6.45	6.52	6.58	6.52	6.52	6.50
 RicFlow:	6.88	6.19	6.29	6.23	6.24	5.93	5.92	5.96	5.94	5.91
 FlowSAC:	8.51	7.57	9.69	7.28	8.84	9.28	8.04	6.83	7.86	8.33
FlowSAC*:	8.63	7.50	9.70	8.12	8.95	8.74	8.75	7.70	8.00	8.14
0155 : market_5/frame_0018.png
 Matches:	21.59	28.74	29.47	29.92	30.22	30.64	30.87	30.99	31.15	31.30
 Outlier:	13.75	19.08	20.23	20.99	21.63	22.56	23.00	23.21	23.50	23.74
EpicFlow:	13.44	19.98	21.63	21.11	21.22	21.39	20.81	20.42	22.05	19.57
 RicFlow:	13.31	12.89	13.04	13.11	13.14	13.44	13.27	13.29	13.03	13.77
 FlowSAC:	15.23	15.99	14.81	12.18	16.13	16.26	11.01	13.63	11.54	15.63
FlowSAC*:	14.11	16.40	15.84	13.73	11.39	16.66	10.49	12.92	11.19	15.63
0156 : market_5/frame_0019.png
 Matches:	18.19	23.78	24.42	24.83	25.05	25.36	25.52	25.64	25.73	25.76
 Outlier:	12.45	17.09	18.27	19.10	19.71	20.51	20.93	21.27	21.54	21.64
EpicFlow:	60.67	94.97	57.79	79.22	87.64	87.49	109.09	130.52	146.20	176.69
 RicFlow:	41.88	87.55	87.50	87.37	87.75	87.90	88.01	88.05	88.95	87.59
 FlowSAC:	56.84	106.35	33.49	73.77	62.19	66.26	63.02	50.46	59.82	67.05
FlowSAC*:	56.30	106.26	33.68	83.46	62.25	66.43	64.05	58.72	68.76	59.48
0157 : market_5/frame_0020.png
 Matches:	16.21	21.52	22.16	22.62	22.96	23.46	23.70	23.79	23.89	23.96
 Outlier:	17.66	22.70	23.98	25.05	26.04	27.46	28.14	28.41	28.69	28.85
EpicFlow:	34.17	33.92	33.92	33.61	33.55	33.56	33.71	32.46	32.85	35.51
 RicFlow:	34.55	37.36	37.40	37.48	37.79	37.93	38.47	37.62	37.63	39.94
 FlowSAC:	35.12	34.91	35.03	35.21	34.57	35.81	35.77	31.42	33.20	34.62
FlowSAC*:	36.76	34.83	31.22	35.08	34.25	35.50	38.20	31.29	31.44	30.33
0158 : market_5/frame_0021.png
 Matches:	19.29	26.73	27.84	28.66	29.09	29.99	30.40	30.61	30.77	30.91
 Outlier:	22.77	29.98	31.79	33.30	34.09	35.81	36.62	37.03	37.31	37.55
EpicFlow:	14.49	14.94	14.84	14.99	15.35	15.24	15.26	15.38	15.33	15.41
 RicFlow:	16.09	18.68	18.42	17.76	18.33	17.58	17.17	18.14	18.00	16.76
 FlowSAC:	15.14	15.75	14.45	13.76	14.80	14.29	14.76	14.36	14.56	14.56
FlowSAC*:	15.28	15.93	14.09	14.32	14.80	14.15	14.85	14.76	14.77	14.05
0159 : market_5/frame_0022.png
 Matches:	20.58	28.01	29.14	29.97	30.45	31.19	31.68	31.87	32.16	32.36
 Outlier:	18.22	24.68	26.48	28.04	28.93	30.41	31.40	31.77	32.30	32.69
EpicFlow:	20.92	16.54	19.51	15.97	15.00	14.91	14.85	14.30	14.38	14.50
 RicFlow:	22.75	21.16	21.15	21.04	21.08	20.79	20.19	20.34	20.26	20.20
 FlowSAC:	18.23	17.42	18.84	19.37	19.90	20.03	16.00	19.48	19.48	19.90
FlowSAC*:	20.52	19.35	18.71	19.02	19.08	19.29	16.08	19.20	15.09	19.84
0160 : market_5/frame_0023.png
 Matches:	22.90	32.30	33.91	34.86	35.38	36.11	36.47	36.59	36.72	36.80
 Outlier:	19.88	26.41	28.38	29.75	30.56	31.73	32.34	32.56	32.79	32.93
EpicFlow:	17.09	13.89	14.15	14.36	14.55	15.03	14.77	15.00	15.06	15.06
 RicFlow:	12.23	11.81	11.74	12.48	12.56	13.32	14.87	14.85	14.84	16.45
 FlowSAC:	19.05	19.47	19.41	18.76	19.09	18.82	18.73	18.83	18.78	18.71
FlowSAC*:	18.75	19.02	20.13	18.71	19.08	18.78	18.51	18.78	18.56	18.33
0161 : market_5/frame_0024.png
 Matches:	26.31	35.83	37.31	38.07	38.63	39.30	39.65	39.81	39.98	40.02
 Outlier:	17.69	23.89	25.51	26.55	27.50	28.49	29.06	29.34	29.55	29.61
EpicFlow:	9.12	8.88	8.84	8.80	8.82	8.58	8.67	8.65	8.49	8.28
 RicFlow:	9.02	9.82	9.92	10.13	10.12	10.03	9.96	9.92	9.98	10.04
 FlowSAC:	9.37	8.24	19.31	8.31	8.19	8.60	12.68	8.89	8.86	8.79
FlowSAC*:	10.26	8.16	19.51	8.36	8.36	19.34	12.59	8.84	8.87	8.82
0162 : market_5/frame_0025.png
 Matches:	27.14	35.90	37.08	37.78	38.20	38.83	39.28	39.57	39.98	40.18
 Outlier:	15.36	21.21	22.84	23.82	24.47	25.45	26.16	26.65	27.23	27.51
EpicFlow:	11.82	12.00	9.60	8.92	8.76	8.78	8.76	8.77	8.99	8.95
 RicFlow:	11.50	11.37	11.11	11.50	11.25	11.53	11.60	11.31	11.26	11.44
 FlowSAC:	12.34	11.65	9.65	15.13	17.11	13.21	13.40	9.34	11.90	12.32
FlowSAC*:	12.58	12.02	9.75	15.07	16.00	9.14	8.36	9.25	11.72	11.56
0163 : market_5/frame_0026.png
 Matches:	28.92	38.53	39.77	40.50	40.99	41.76	42.23	42.46	42.89	43.16
 Outlier:	16.29	22.37	23.78	24.77	25.51	26.59	27.20	27.53	28.20	28.62
EpicFlow:	9.04	8.85	8.88	8.88	8.89	8.92	8.97	9.03	9.15	8.44
 RicFlow:	9.24	9.28	9.34	9.30	9.37	9.41	9.45	9.54	9.46	9.45
 FlowSAC:	9.28	9.04	9.06	8.98	8.93	9.07	9.18	9.06	9.08	9.11
FlowSAC*:	8.85	9.04	8.97	8.94	9.12	8.96	9.00	8.85	9.01	8.50
0164 : market_5/frame_0027.png
 Matches:	29.18	38.99	40.46	41.33	41.80	42.78	43.45	43.77	44.25	44.53
 Outlier:	15.76	21.80	23.51	24.71	25.42	26.84	27.85	28.32	29.00	29.36
EpicFlow:	6.51	5.16	5.35	5.56	5.54	4.68	5.18	5.16	5.13	5.13
 RicFlow:	9.84	6.40	6.05	5.89	6.55	5.87	6.44	6.43	6.28	6.28
 FlowSAC:	4.35	7.12	4.82	5.81	4.03	6.16	8.11	5.90	4.80	5.29
FlowSAC*:	6.62	6.90	11.79	6.43	6.27	8.18	6.30	7.10	4.59	5.38
0165 : market_5/frame_0028.png
 Matches:	29.57	39.71	41.21	42.12	42.71	43.52	43.90	44.09	44.35	44.38
 Outlier:	16.98	22.73	24.36	25.61	26.47	27.62	28.15	28.44	28.83	28.88
EpicFlow:	5.37	5.89	4.91	5.05	5.15	5.12	5.19	5.33	5.72	5.42
 RicFlow:	6.52	6.88	6.67	6.05	6.00	6.01	6.33	6.90	7.06	7.24
 FlowSAC:	4.87	4.91	4.80	4.78	4.81	5.36	5.16	4.84	5.96	5.61
FlowSAC*:	4.78	5.31	4.80	4.48	4.96	4.72	4.54	4.85	5.77	5.71
0166 : market_5/frame_0029.png
 Matches:	28.75	38.76	39.95	40.64	41.15	41.86	42.29	42.47	42.64	42.82
 Outlier:	15.29	20.73	21.91	22.72	23.48	24.51	25.11	25.36	25.58	25.86
EpicFlow:	22.27	22.54	22.56	22.58	22.59	22.61	22.64	22.65	22.59	22.34
 RicFlow:	23.17	23.73	23.73	23.73	23.74	23.73	23.78	23.78	23.71	23.82
 FlowSAC:	22.33	22.22	22.91	21.73	21.62	21.71	21.79	22.26	22.33	24.59
FlowSAC*:	22.20	22.21	22.83	21.59	21.63	21.63	21.61	22.27	22.27	24.40
0167 : market_5/frame_0030.png
 Matches:	30.95	40.65	41.99	42.76	43.31	44.21	44.69	44.89	45.26	45.44
 Outlier:	13.34	18.44	19.93	20.93	21.77	23.12	23.89	24.19	24.76	25.02
EpicFlow:	10.45	8.27	6.85	6.51	6.39	6.40	6.51	6.56	6.58	6.53
 RicFlow:	11.05	6.20	5.55	6.87	7.04	7.01	7.13	7.27	7.17	7.15
 FlowSAC:	5.18	4.55	5.04	5.19	4.93	4.42	4.36	4.46	4.46	4.37
FlowSAC*:	4.95	4.54	5.42	5.00	5.23	4.99	4.64	4.79	5.50	4.81
0168 : market_5/frame_0031.png
 Matches:	31.25	41.28	42.60	43.39	43.86	44.55	44.87	44.98	45.10	45.13
 Outlier:	13.31	18.18	19.58	20.64	21.35	22.33	22.84	23.00	23.17	23.21
EpicFlow:	9.59	9.67	9.70	8.58	8.63	8.70	8.71	8.71	8.71	8.71
 RicFlow:	10.11	10.24	10.36	10.05	10.23	10.40	10.40	10.43	10.42	10.43
 FlowSAC:	9.66	9.60	9.70	9.66	8.42	8.69	8.76	8.90	8.88	8.88
FlowSAC*:	9.65	9.49	9.22	9.63	8.52	8.90	8.85	8.82	8.90	8.80
0169 : market_5/frame_0042.png
 Matches:	34.74	42.39	43.32	43.98	44.26	44.59	44.91	45.07	45.34	45.49
 Outlier:	8.79	13.01	14.12	15.04	15.49	16.04	16.56	16.85	17.25	17.48
EpicFlow:	2.20	2.17	2.20	2.24	2.31	2.35	2.38	2.40	2.43	2.49
 RicFlow:	2.59	2.73	2.77	2.75	2.91	2.92	2.92	2.96	2.94	3.00
 FlowSAC:	2.78	2.91	3.11	2.91	2.77	3.16	3.06	3.28	2.99	3.03
FlowSAC*:	2.94	2.87	2.47	2.82	3.04	3.07	3.06	2.85	3.16	2.73
0170 : market_5/frame_0044.png
 Matches:	31.47	39.31	40.28	40.80	41.10	41.46	41.62	41.68	41.70	41.71
 Outlier:	9.05	12.89	13.96	14.69	15.19	15.74	16.03	16.15	16.19	16.20
EpicFlow:	4.25	4.30	4.35	4.24	4.28	4.28	4.27	4.26	4.25	4.29
 RicFlow:	4.10	4.13	4.13	3.63	3.61	3.58	3.59	3.61	3.45	3.45
 FlowSAC:	4.31	5.41	5.42	5.38	5.44	4.18	5.46	5.45	5.55	5.56
FlowSAC*:	5.43	5.56	4.09	5.38	5.40	4.24	5.46	5.47	5.46	5.41
0171 : market_5/frame_0045.png
 Matches:	29.73	37.37	38.10	38.60	38.93	39.21	39.34	39.38	39.41	39.41
 Outlier:	10.39	14.45	15.38	16.20	16.88	17.38	17.63	17.72	17.77	17.77
EpicFlow:	6.52	6.27	6.30	6.35	6.36	6.38	6.37	6.41	6.46	6.46
 RicFlow:	7.04	6.52	6.75	6.67	6.85	7.00	6.99	6.98	6.92	6.94
 FlowSAC:	6.50	8.92	9.47	6.52	9.22	6.54	8.97	8.83	8.98	8.96
FlowSAC*:	6.45	8.87	9.16	6.57	9.08	9.11	9.06	8.99	9.16	9.17
0172 : market_5/frame_0046.png
 Matches:	27.83	35.26	35.96	36.29	36.54	36.99	37.24	37.42	37.73	37.85
 Outlier:	10.09	13.88	14.86	15.44	15.91	16.76	17.28	17.66	18.33	18.60
EpicFlow:	5.87	6.84	6.93	6.89	7.12	7.09	7.19	7.25	7.29	7.30
 RicFlow:	6.41	7.07	7.15	7.09	7.12	6.84	7.35	7.30	7.46	7.37
 FlowSAC:	5.94	7.37	5.52	6.40	5.57	7.64	7.90	7.77	7.63	7.72
FlowSAC*:	5.95	7.43	5.53	6.59	7.22	7.52	7.80	7.80	6.97	7.08
0173 : market_5/frame_0047.png
 Matches:	27.34	34.43	35.04	35.36	35.52	35.64	35.69	35.72	35.77	35.90
 Outlier:	9.11	12.93	13.64	14.23	14.51	14.77	14.84	14.90	15.02	15.30
EpicFlow:	8.45	8.29	8.42	8.42	8.43	8.39	8.36	8.38	8.41	8.39
 RicFlow:	10.75	10.61	10.70	10.61	10.69	10.59	10.78	10.64	10.78	10.81
 FlowSAC:	8.20	8.76	8.69	8.78	8.64	8.57	8.48	8.55	8.60	8.60
FlowSAC*:	8.23	8.98	8.67	8.93	8.51	8.96	8.69	8.49	8.60	8.66
0174 : market_5/frame_0048.png
 Matches:	28.35	35.35	36.04	36.42	36.61	36.79	36.84	36.87	36.93	36.99
 Outlier:	12.10	16.85	17.85	18.58	18.93	19.28	19.39	19.45	19.58	19.70
EpicFlow:	12.77	11.72	12.11	12.11	12.02	12.02	12.82	12.73	12.74	12.90
 RicFlow:	11.77	11.50	11.47	11.52	11.53	11.45	12.28	12.39	12.48	12.41
 FlowSAC:	13.52	11.24	11.53	12.31	11.31	12.65	12.18	10.86	11.78	14.04
FlowSAC*:	13.54	12.21	11.55	11.72	10.91	11.72	11.37	10.73	11.83	13.96
0175 : market_5/frame_0049.png
 Matches:	28.79	35.67	36.30	36.67	36.87	37.08	37.17	37.23	37.29	37.31
 Outlier:	10.78	15.51	16.49	17.17	17.58	18.02	18.20	18.33	18.45	18.47
EpicFlow:	20.47	20.82	20.97	20.33	20.21	20.78	20.78	20.78	20.85	20.85
 RicFlow:	20.88	20.86	20.28	20.12	19.96	19.75	19.96	19.94	20.20	20.11
 FlowSAC:	23.40	25.39	24.64	26.01	25.35	23.42	24.42	25.34	23.78	23.35
FlowSAC*:	23.43	23.98	24.66	26.27	23.97	23.58	24.55	23.80	23.93	23.71
0176 : market_6/frame_0001.png
 Matches:	32.98	39.24	39.88	40.16	40.34	40.50	40.58	40.61	40.74	40.82
 Outlier:	9.88	14.52	15.43	15.84	16.13	16.43	16.59	16.65	16.91	17.06
EpicFlow:	2.92	3.04	3.09	3.11	3.12	3.12	3.12	3.12	3.15	3.65
 RicFlow:	3.00	3.34	3.36	3.41	3.33	3.34	3.34	3.36	3.39	3.40
 FlowSAC:	2.68	2.75	2.77	2.55	2.79	2.62	2.81	2.87	2.76	2.70
FlowSAC*:	2.80	2.82	2.76	2.63	2.74	2.64	2.81	2.88	2.75	2.85
0177 : market_6/frame_0002.png
 Matches:	33.33	39.45	40.04	40.36	40.56	40.81	40.99	41.08	41.24	41.46
 Outlier:	10.64	15.06	15.80	16.35	16.67	17.11	17.43	17.58	17.87	18.32
EpicFlow:	3.62	2.99	3.02	3.03	3.08	3.15	3.18	3.19	3.20	3.99
 RicFlow:	2.84	3.09	3.17	3.38	3.32	3.33	3.39	3.26	3.30	3.53
 FlowSAC:	3.07	2.51	2.79	2.60	2.71	2.79	2.64	2.77	2.86	2.61
FlowSAC*:	3.12	2.70	2.82	2.88	2.93	2.93	2.72	2.91	2.90	2.65
0178 : market_6/frame_0003.png
 Matches:	32.60	38.78	39.27	39.56	39.71	39.86	39.95	40.01	40.19	40.36
 Outlier:	10.02	14.16	15.01	15.50	15.77	16.02	16.21	16.33	16.71	17.06
EpicFlow:	3.94	4.13	4.26	4.29	4.34	4.46	4.56	4.61	5.03	5.89
 RicFlow:	3.64	4.03	4.29	4.29	4.37	4.62	4.76	4.77	5.23	5.12
 FlowSAC:	3.52	3.79	3.66	3.61	3.69	3.82	3.39	3.48	3.66	3.59
FlowSAC*:	3.67	3.81	3.80	3.68	3.73	3.77	3.60	3.63	3.78	3.71
0179 : market_6/frame_0004.png
 Matches:	33.42	39.48	39.97	40.24	40.44	40.65	40.78	40.87	40.98	41.04
 Outlier:	9.56	13.96	14.72	15.18	15.54	15.96	16.22	16.41	16.64	16.76
EpicFlow:	3.94	4.28	4.37	4.35	4.38	4.51	4.99	5.32	5.72	6.10
 RicFlow:	3.84	4.33	4.50	4.51	4.46	4.52	5.35	5.44	5.46	5.60
 FlowSAC:	3.73	3.58	3.85	3.85	3.56	3.60	3.69	3.68	3.54	3.77
FlowSAC*:	3.91	3.73	3.90	3.93	3.79	3.83	3.77	3.73	3.97	3.91
0180 : market_6/frame_0005.png
 Matches:	32.58	38.54	39.09	39.39	39.62	39.93	40.09	40.21	40.33	40.44
 Outlier:	10.87	14.67	15.54	15.97	16.37	16.92	17.24	17.46	17.72	17.95
EpicFlow:	4.16	4.42	4.62	4.70	4.79	4.84	5.47	5.70	6.23	6.66
 RicFlow:	4.15	4.44	4.55	4.55	4.56	4.85	4.74	5.45	6.26	6.61
 FlowSAC:	3.85	4.06	4.10	3.97	3.91	3.91	4.08	3.94	3.92	3.98
FlowSAC*:	3.97	4.13	4.09	4.11	4.14	4.06	4.10	3.97	4.10	3.96
0181 : market_6/frame_0006.png
 Matches:	33.28	39.31	39.86	40.17	40.34	40.57	40.70	40.74	40.82	40.89
 Outlier:	10.61	15.60	16.44	16.95	17.23	17.61	17.84	17.92	18.06	18.21
EpicFlow:	4.06	4.49	4.68	4.86	4.93	5.01	4.98	4.97	5.00	5.01
 RicFlow:	3.89	4.55	4.70	4.66	4.74	4.80	4.77	4.89	5.15	4.75
 FlowSAC:	3.82	3.82	3.86	4.19	3.77	4.24	4.15	4.00	4.14	4.20
FlowSAC*:	3.90	4.09	4.22	4.16	3.78	4.17	4.18	4.25	4.08	4.24
0182 : market_6/frame_0007.png
 Matches:	32.43	39.20	39.79	40.04	40.18	40.45	40.55	40.60	40.76	40.97
 Outlier:	12.01	17.37	18.29	18.70	18.94	19.38	19.55	19.63	19.93	20.34
EpicFlow:	4.00	4.28	4.36	4.37	4.37	4.37	4.37	4.40	5.55	6.23
 RicFlow:	3.75	4.34	4.34	4.40	4.42	4.34	4.43	4.35	4.59	6.94
 FlowSAC:	3.88	3.79	3.87	3.82	3.78	3.90	3.88	3.91	3.91	3.80
FlowSAC*:	3.95	3.78	4.00	3.82	3.87	3.94	3.94	4.02	3.90	3.73
0183 : market_6/frame_0008.png
 Matches:	31.93	38.16	38.84	39.18	39.38	39.63	39.80	39.90	40.06	40.14
 Outlier:	11.58	16.63	17.76	18.33	18.70	19.19	19.50	19.68	19.98	20.14
EpicFlow:	3.79	4.25	4.34	4.42	4.46	4.60	4.61	4.61	4.80	4.93
 RicFlow:	3.35	3.96	3.94	3.98	4.04	4.22	4.18	4.29	4.25	4.29
 FlowSAC:	3.77	3.77	3.70	3.85	3.83	3.82	3.56	3.81	3.54	3.84
FlowSAC*:	3.82	3.89	3.74	4.02	3.97	4.01	3.76	3.82	3.70	3.99
0184 : market_6/frame_0009.png
 Matches:	32.23	38.86	39.64	40.01	40.22	40.48	40.63	40.68	40.80	40.90
 Outlier:	11.76	16.74	17.93	18.55	18.94	19.38	19.66	19.75	19.97	20.17
EpicFlow:	3.96	4.35	4.44	4.56	4.58	4.78	5.08	5.14	5.24	5.74
 RicFlow:	3.80	4.47	4.65	4.76	4.80	5.00	5.21	5.28	5.33	5.83
 FlowSAC:	3.66	3.94	4.02	3.88	4.07	3.86	3.89	3.87	3.73	3.68
FlowSAC*:	3.77	3.91	4.03	4.18	4.04	4.09	4.16	4.01	4.17	3.90
0185 : market_6/frame_0010.png
 Matches:	32.96	39.28	39.96	40.28	40.47	40.73	40.88	40.94	41.09	41.19
 Outlier:	13.71	18.73	19.67	20.19	20.50	20.85	21.10	21.21	21.49	21.68
EpicFlow:	4.11	4.38	4.37	4.40	4.40	4.37	4.43	4.43	5.15	5.23
 RicFlow:	4.29	4.48	4.41	4.32	4.39	4.12	4.60	4.68	4.85	4.90
 FlowSAC:	3.74	3.71	3.65	3.31	3.76	3.71	3.66	3.61	3.66	3.64
FlowSAC*:	3.73	3.90	3.67	3.54	3.82	3.72	3.66	3.66	3.68	3.78
0186 : market_6/frame_0011.png
 Matches:	32.06	37.71	38.27	38.60	38.78	38.97	39.15	39.20	39.45	39.65
 Outlier:	10.96	15.01	15.84	16.33	16.65	17.03	17.41	17.52	18.03	18.45
EpicFlow:	4.24	4.44	4.48	4.68	4.77	4.87	5.29	5.30	5.49	5.86
 RicFlow:	4.55	4.54	4.58	4.88	4.56	5.09	5.41	5.54	5.81	5.86
 FlowSAC:	3.97	3.93	4.01	4.19	4.02	3.99	3.78	3.81	4.06	3.95
FlowSAC*:	3.96	3.88	4.37	4.53	4.05	4.08	3.84	4.28	4.08	4.19
0187 : market_6/frame_0012.png
 Matches:	32.45	37.79	38.35	38.66	38.83	39.08	39.32	39.43	39.60	39.68
 Outlier:	11.11	15.08	15.82	16.28	16.60	17.08	17.57	17.78	18.14	18.31
EpicFlow:	3.44	3.44	3.61	3.81	3.88	4.00	4.37	4.49	4.47	4.92
 RicFlow:	4.05	4.79	4.99	5.09	5.08	5.36	5.54	5.62	5.78	5.80
 FlowSAC:	3.33	3.13	3.08	3.93	3.42	3.36	4.02	4.13	3.86	3.95
FlowSAC*:	3.12	3.25	3.03	3.77	3.41	3.35	3.98	4.33	3.91	3.96
0188 : market_6/frame_0015.png
 Matches:	33.46	40.14	40.82	41.15	41.36	41.68	41.84	41.94	42.06	42.09
 Outlier:	14.06	18.46	19.25	19.72	20.03	20.49	20.73	20.87	21.10	21.15
EpicFlow:	6.43	6.38	6.38	6.34	6.33	6.33	6.52	6.54	6.67	6.68
 RicFlow:	6.61	6.71	6.70	6.71	6.67	6.68	6.88	6.89	6.92	6.83
 FlowSAC:	6.40	6.04	6.26	6.04	6.07	6.10	6.63	6.65	6.65	6.65
FlowSAC*:	6.22	6.01	6.34	5.98	6.22	6.41	6.61	6.55	6.63	6.65
0189 : market_6/frame_0029.png
 Matches:	33.01	39.28	39.99	40.49	40.73	41.27	41.69	41.87	42.06	42.39
 Outlier:	12.29	17.14	18.21	19.04	19.43	20.37	21.12	21.44	21.76	22.37
EpicFlow:	4.48	5.22	5.28	5.46	5.52	5.54	5.68	5.73	5.79	6.29
 RicFlow:	4.85	5.07	5.05	5.14	5.18	5.04	5.35	5.30	5.47	5.97
 FlowSAC:	4.69	5.38	5.45	5.38	5.29	5.17	5.28	5.42	5.26	5.49
FlowSAC*:	4.50	5.11	4.87	4.91	5.08	5.17	5.10	5.19	5.12	5.29
0190 : market_6/frame_0030.png
 Matches:	33.21	40.13	41.01	41.60	42.04	42.58	42.97	43.24	43.61	43.86
 Outlier:	14.58	19.58	20.86	21.78	22.48	23.33	23.97	24.42	25.01	25.41
EpicFlow:	3.37	3.69	3.85	3.89	3.93	4.07	4.21	4.24	4.41	4.71
 RicFlow:	3.87	3.95	3.81	3.72	3.71	4.08	4.17	4.22	4.64	4.76
 FlowSAC:	3.46	3.49	3.74	3.58	3.49	3.59	3.66	3.67	3.65	3.65
FlowSAC*:	3.53	3.50	3.57	3.54	3.51	3.77	3.56	3.54	3.52	3.60
0191 : market_6/frame_0032.png
 Matches:	33.31	40.01	40.69	41.17	41.46	42.08	42.54	42.79	43.07	43.24
 Outlier:	14.09	19.21	20.12	20.89	21.37	22.37	22.87	23.24	23.65	23.90
EpicFlow:	3.43	3.74	3.89	4.11	3.78	3.80	3.80	3.82	3.71	3.70
 RicFlow:	3.53	3.48	3.53	3.57	3.62	3.60	3.56	3.62	3.63	3.66
 FlowSAC:	3.41	3.14	3.13	3.19	3.28	3.20	3.24	3.25	3.31	3.27
FlowSAC*:	3.31	3.14	3.19	3.18	3.31	3.35	3.36	3.17	3.14	3.14
0192 : market_6/frame_0033.png
 Matches:	33.58	39.88	40.48	40.87	41.11	41.58	41.86	41.98	42.16	42.20
 Outlier:	11.50	16.31	17.23	17.81	18.24	19.04	19.48	19.68	19.94	20.02
EpicFlow:	4.03	3.94	3.97	4.00	4.01	4.05	4.08	4.07	4.53	4.58
 RicFlow:	4.88	5.05	4.97	4.93	5.04	5.03	4.95	4.96	5.10	5.12
 FlowSAC:	4.05	3.89	3.92	3.92	3.96	3.92	4.12	3.84	3.93	4.31
FlowSAC*:	3.97	3.87	4.21	4.18	4.25	4.23	4.13	4.10	3.86	3.87
0193 : temple_2/frame_0019.png
 Matches:	33.73	39.70	40.28	40.69	40.92	41.20	41.31	41.36	41.50	41.60
 Outlier:	11.02	14.56	15.28	15.89	16.22	16.70	16.92	17.01	17.28	17.46
EpicFlow:	7.47	7.47	7.50	7.45	7.46	7.46	7.45	7.45	7.68	7.71
 RicFlow:	7.65	8.54	8.54	8.56	8.55	8.41	8.44	8.96	8.92	8.71
 FlowSAC:	7.64	7.54	7.52	7.70	7.64	7.78	7.78	7.84	7.93	8.21
FlowSAC*:	7.66	7.54	7.48	7.68	7.51	7.62	7.57	7.69	8.10	8.09
0194 : temple_2/frame_0021.png
 Matches:	36.07	42.76	43.47	43.91	44.16	44.35	44.56	44.62	44.80	44.85
 Outlier:	11.59	15.02	15.90	16.47	16.75	17.07	17.43	17.53	17.84	17.92
EpicFlow:	2.92	3.02	3.01	3.00	3.00	3.01	3.14	3.18	3.34	3.35
 RicFlow:	3.86	3.72	3.77	3.78	3.83	3.87	3.83	3.86	3.91	3.90
 FlowSAC:	3.02	3.10	3.14	3.16	3.17	3.27	3.20	3.24	3.39	3.61
FlowSAC*:	2.97	2.83	3.01	3.07	3.02	2.87	3.20	2.84	3.33	3.40
0195 : temple_2/frame_0022.png
 Matches:	36.49	42.95	43.56	43.96	44.20	44.38	44.47	44.52	44.72	44.84
 Outlier:	11.38	14.98	15.77	16.32	16.65	16.88	17.04	17.12	17.45	17.68
EpicFlow:	3.77	4.51	4.50	4.48	4.53	4.55	4.55	4.55	4.67	4.93
 RicFlow:	4.33	3.83	3.87	3.90	3.92	4.20	4.14	4.14	4.32	4.57
 FlowSAC:	3.24	3.55	3.44	3.55	3.57	3.75	3.68	3.61	3.55	3.80
FlowSAC*:	3.19	3.36	3.29	3.38	3.40	3.44	3.36	3.49	3.34	3.64
0196 : temple_2/frame_0023.png
 Matches:	36.41	43.28	43.93	44.33	44.51	44.66	44.76	44.81	44.90	44.99
 Outlier:	11.10	15.06	15.89	16.41	16.69	16.92	17.11	17.20	17.35	17.50
EpicFlow:	5.53	5.92	5.69	5.65	5.64	5.67	5.69	5.72	5.82	5.91
 RicFlow:	5.53	5.58	5.61	5.64	5.68	5.85	6.08	6.07	6.15	6.22
 FlowSAC:	5.70	5.88	5.83	5.90	5.88	5.91	5.87	5.91	6.12	6.01
FlowSAC*:	5.78	5.57	5.56	5.38	5.47	5.59	5.63	5.60	5.67	5.63
0197 : temple_2/frame_0024.png
 Matches:	32.92	39.28	39.95	40.37	40.58	40.77	40.83	40.86	40.89	40.95
 Outlier:	10.01	13.28	14.19	14.87	15.22	15.54	15.65	15.69	15.75	15.87
EpicFlow:	8.07	7.88	7.91	7.94	7.92	7.96	8.00	8.01	8.11	8.16
 RicFlow:	8.24	8.14	8.38	9.11	8.43	8.54	8.38	8.33	8.95	8.41
 FlowSAC:	7.84	8.09	8.24	8.99	8.35	9.30	8.59	9.55	9.27	8.15
FlowSAC*:	7.89	8.80	8.18	9.89	8.33	9.21	8.10	9.44	9.18	8.14
0198 : temple_2/frame_0025.png
 Matches:	30.67	35.72	36.13	36.34	36.42	36.47	36.50	36.52	36.53	36.55
 Outlier:	7.41	9.68	10.27	10.56	10.70	10.83	10.88	10.92	10.94	10.96
EpicFlow:	15.45	15.71	15.72	15.71	15.71	15.71	15.73	16.61	16.69	16.96
 RicFlow:	15.77	15.78	15.87	16.39	16.40	12.63	12.26	12.86	12.80	12.65
 FlowSAC:	15.65	15.54	15.86	15.65	15.56	15.56	15.66	15.77	15.65	15.65
FlowSAC*:	15.66	15.18	15.36	15.49	15.29	15.31	15.47	15.60	15.59	15.59
0199 : temple_2/frame_0026.png
 Matches:	34.15	40.96	41.65	42.12	42.36	42.69	42.83	42.92	43.06	43.08
 Outlier:	9.46	13.47	14.32	15.00	15.33	15.83	16.04	16.18	16.35	16.40
EpicFlow:	3.93	3.83	3.83	3.86	3.88	3.93	3.83	3.86	3.80	3.79
 RicFlow:	4.53	4.41	4.56	4.51	4.67	4.67	4.57	4.51	4.51	4.51
 FlowSAC:	3.91	4.08	4.09	4.19	3.94	4.06	3.96	3.79	3.98	3.87
FlowSAC*:	3.98	4.26	4.02	3.86	4.10	3.80	3.87	3.75	3.91	3.81
0200 : temple_2/frame_0027.png
 Matches:	31.73	37.36	37.85	38.01	38.11	38.23	38.42	38.46	38.59	38.66
 Outlier:	7.83	10.54	11.29	11.55	11.72	11.97	12.38	12.47	12.75	12.90
EpicFlow:	6.53	8.44	18.77	18.76	18.76	18.76	18.85	19.02	18.42	18.46
 RicFlow:	12.92	19.43	20.16	20.34	20.38	20.40	21.56	21.51	21.92	21.71
 FlowSAC:	7.90	6.79	7.33	6.72	6.59	6.69	7.93	6.70	8.24	8.06
FlowSAC*:	6.64	6.58	6.72	6.70	6.70	6.66	6.72	6.68	6.75	6.63
0201 : temple_2/frame_0028.png
 Matches:	33.12	38.80	39.36	39.65	39.82	40.12	40.28	40.34	40.47	40.53
 Outlier:	8.19	10.99	11.93	12.39	12.66	13.14	13.36	13.46	13.66	13.74
EpicFlow:	11.64	10.21	10.31	10.20	10.17	10.11	10.27	10.02	11.11	11.74
 RicFlow:	10.79	10.76	10.68	11.56	12.33	12.47	10.99	11.17	11.28	11.43
 FlowSAC:	12.82	11.64	11.67	11.02	12.79	12.42	13.00	10.56	10.55	10.74
FlowSAC*:	12.82	11.61	11.67	11.02	11.83	12.39	12.57	10.48	10.56	10.64
0202 : temple_2/frame_0029.png
 Matches:	37.20	42.90	43.38	43.64	43.79	44.01	44.10	44.19	44.27	44.32
 Outlier:	7.31	9.99	10.54	10.89	11.13	11.43	11.55	11.66	11.81	11.88
EpicFlow:	10.33	10.52	10.56	10.54	10.74	10.24	10.24	10.26	10.32	10.36
 RicFlow:	11.72	12.64	12.76	12.77	13.11	13.21	12.97	13.03	13.15	13.16
 FlowSAC:	10.98	10.91	10.82	10.82	10.98	10.74	11.01	11.13	10.86	10.97
FlowSAC*:	10.93	10.63	10.57	11.09	11.14	10.75	10.93	10.94	10.93	10.89
0203 : temple_2/frame_0030.png
 Matches:	40.17	45.77	46.18	46.36	46.47	46.60	46.64	46.65	46.65	46.66
 Outlier:	6.38	8.50	8.90	9.15	9.28	9.44	9.48	9.48	9.48	9.48
EpicFlow:	6.45	6.53	6.65	6.68	6.67	6.67	6.67	6.67	6.67	6.68
 RicFlow:	7.39	6.17	7.42	7.64	7.58	7.49	7.63	7.82	7.82	7.77
 FlowSAC:	6.42	6.44	6.52	6.49	6.47	6.47	6.45	6.44	6.44	6.44
FlowSAC*:	6.40	6.41	6.47	6.47	6.45	6.45	6.48	6.45	6.45	6.45
0204 : temple_3/frame_0001.png
 Matches:	36.75	41.47	42.23	42.75	43.14	43.65	43.92	44.06	44.35	44.63
 Outlier:	11.83	16.18	17.25	18.08	18.73	19.61	20.07	20.32	20.81	21.30
EpicFlow:	3.03	3.85	3.96	4.20	4.16	4.05	4.09	4.10	4.08	4.14
 RicFlow:	2.22	2.91	3.04	3.11	3.11	3.24	3.45	3.41	3.61	3.71
 FlowSAC:	1.57	1.67	1.93	1.99	2.01	2.05	1.96	2.02	2.05	1.91
FlowSAC*:	1.24	1.17	1.40	1.18	1.77	1.45	1.46	1.34	1.90	1.85
0205 : temple_3/frame_0020.png
 Matches:	30.06	36.41	37.31	37.90	38.24	38.60	38.79	38.93	39.19	39.30
 Outlier:	12.49	16.66	18.25	19.42	20.08	20.76	21.05	21.28	21.70	21.88
EpicFlow:	8.52	8.85	8.85	8.98	9.05	9.20	9.03	9.02	9.03	9.02
 RicFlow:	3.62	4.60	4.91	5.26	5.33	5.46	5.61	5.73	6.00	6.15
 FlowSAC:	3.89	4.07	4.48	4.46	4.57	4.77	4.30	4.33	4.79	4.43
FlowSAC*:	3.87	3.95	4.11	4.11	4.15	4.82	4.32	4.33	4.82	4.47
0206 : temple_3/frame_0021.png
 Matches:	25.36	30.98	31.90	32.55	32.90	33.39	33.68	33.90	34.24	34.48
 Outlier:	18.40	24.17	25.57	26.78	27.45	28.41	28.98	29.41	30.09	30.57
EpicFlow:	10.32	13.45	13.83	13.91	14.61	15.34	15.67	15.40	17.72	17.82
 RicFlow:	8.00	11.45	13.99	16.55	16.33	17.15	17.21	17.78	18.25	18.24
 FlowSAC:	7.24	6.72	7.73	6.74	7.25	7.92	7.81	7.34	7.75	7.51
FlowSAC*:	7.23	6.00	7.71	7.52	7.45	7.88	6.81	7.30	7.91	7.58
0207 : temple_3/frame_0022.png
 Matches:	23.55	29.69	30.65	31.11	31.34	31.64	31.88	32.02	32.50	32.86
 Outlier:	16.70	23.81	25.51	26.34	26.81	27.41	27.92	28.20	29.18	29.91
EpicFlow:	8.13	9.30	9.60	22.22	25.20	24.90	25.14	25.40	23.66	22.74
 RicFlow:	11.28	13.38	16.24	18.79	18.94	19.99	20.03	20.90	20.84	19.90
 FlowSAC:	25.17	9.89	10.42	11.37	11.34	18.83	18.58	23.97	19.45	25.79
FlowSAC*:	25.07	9.79	10.38	10.79	11.12	11.44	18.07	23.41	19.68	11.91
0208 : temple_3/frame_0023.png
 Matches:	24.23	30.82	31.85	32.32	32.55	32.91	33.16	33.38	33.65	33.83
 Outlier:	13.71	20.14	21.87	22.78	23.25	24.02	24.58	25.06	25.61	25.99
EpicFlow:	11.77	12.16	12.35	12.51	12.56	12.70	12.83	12.92	13.09	13.12
 RicFlow:	11.80	12.15	12.33	12.32	12.36	12.89	13.44	14.05	14.20	14.41
 FlowSAC:	12.00	11.87	11.49	11.88	11.34	11.52	12.16	11.66	12.18	11.76
FlowSAC*:	11.70	11.88	11.79	11.86	11.36	11.54	12.00	11.56	12.15	11.50
0209 : temple_3/frame_0024.png
 Matches:	22.77	29.94	31.13	31.86	32.26	32.82	33.14	33.29	33.91	34.21
 Outlier:	19.06	26.31	28.52	29.90	30.65	31.74	32.35	32.62	33.85	34.40
EpicFlow:	5.88	9.50	9.42	9.49	9.56	9.60	9.72	9.65	10.56	10.57
 RicFlow:	5.52	7.41	8.06	8.53	8.31	8.68	8.61	8.76	9.67	9.91
 FlowSAC:	5.59	5.51	5.90	5.58	5.19	5.71	5.85	6.17	7.81	7.94
FlowSAC*:	5.44	5.65	6.12	5.70	5.50	5.77	5.79	5.85	7.34	8.21
0210 : temple_3/frame_0025.png
 Matches:	22.82	30.49	31.68	32.35	32.79	33.42	33.92	34.15	34.71	35.12
 Outlier:	18.66	24.97	27.07	28.33	29.17	30.34	31.16	31.62	32.69	33.46
EpicFlow:	9.22	9.39	9.48	9.61	9.61	9.42	9.45	9.52	9.77	9.97
 RicFlow:	8.22	8.52	9.11	9.10	9.10	9.50	9.94	9.97	10.30	10.41
 FlowSAC:	6.91	7.26	7.32	7.39	7.48	7.60	7.64	7.28	7.50	7.69
FlowSAC*:	6.93	7.42	7.13	7.26	7.41	7.39	7.65	7.34	7.61	7.69
0211 : temple_3/frame_0026.png
 Matches:	19.13	28.14	29.50	30.19	30.59	31.16	31.54	31.79	32.69	33.17
 Outlier:	22.79	27.17	28.88	30.07	30.85	31.88	32.65	33.16	34.91	35.84
EpicFlow:	8.11	8.98	11.90	12.48	12.22	12.40	12.19	12.29	12.54	12.99
 RicFlow:	9.77	9.85	10.32	10.64	10.80	11.80	11.79	12.21	13.31	13.45
 FlowSAC:	9.61	9.21	9.14	9.34	9.35	9.16	9.31	9.88	10.19	9.29
FlowSAC*:	8.97	9.23	9.21	9.32	9.24	9.50	8.84	9.21	9.79	9.00
0212 : temple_3/frame_0027.png
 Matches:	22.82	30.24	31.55	32.28	32.79	33.57	34.04	34.27	34.86	35.24
 Outlier:	27.14	33.70	35.36	36.36	37.09	38.26	38.97	39.30	40.25	40.84
EpicFlow:	8.47	8.07	8.17	8.09	8.35	8.54	8.46	8.49	8.49	8.48
 RicFlow:	8.17	8.42	8.40	8.49	8.48	8.75	9.21	9.23	9.58	9.65
 FlowSAC:	7.49	8.40	8.14	8.20	7.95	8.17	7.96	8.07	8.22	8.32
FlowSAC*:	7.51	7.98	8.22	8.21	7.81	8.56	8.31	8.35	8.14	8.53
0213 : temple_3/frame_0028.png
 Matches:	20.86	28.46	30.10	31.11	31.65	32.48	33.06	33.33	33.95	34.49
 Outlier:	22.63	31.78	34.22	35.89	36.87	38.31	39.27	39.76	40.74	41.63
EpicFlow:	9.30	8.33	8.38	8.27	8.32	8.41	8.51	8.72	9.60	10.62
 RicFlow:	8.95	9.61	10.16	10.47	10.30	10.94	11.04	10.98	10.93	11.40
 FlowSAC:	7.15	7.11	8.05	7.47	7.66	7.44	7.63	8.08	7.81	8.22
FlowSAC*:	7.42	6.84	7.24	7.27	7.12	7.51	7.69	8.04	7.39	7.86
0214 : temple_3/frame_0029.png
 Matches:	18.89	23.89	24.99	25.59	25.96	26.48	26.76	26.87	27.18	27.42
 Outlier:	16.75	25.05	27.04	28.16	28.98	30.20	30.89	31.15	31.92	32.51
EpicFlow:	11.68	11.20	11.70	11.85	11.89	11.50	11.61	11.22	11.82	11.71
 RicFlow:	14.22	13.97	14.75	14.75	15.39	15.66	15.75	16.03	16.17	17.03
 FlowSAC:	12.95	11.77	12.83	12.44	13.15	13.00	12.87	12.94	13.47	15.52
FlowSAC*:	12.48	11.70	12.17	11.93	12.57	12.05	12.97	12.12	12.72	15.24
0215 : temple_3/frame_0030.png
 Matches:	20.25	25.31	26.45	27.12	27.57	28.16	28.55	28.78	29.25	29.48
 Outlier:	17.52	24.97	26.54	27.81	28.67	29.91	30.75	31.25	32.27	32.66
EpicFlow:	19.25	18.65	18.46	18.77	18.69	18.82	18.80	18.77	19.04	17.76
 RicFlow:	16.77	19.39	20.11	20.55	19.81	20.72	21.02	21.04	20.92	20.91
 FlowSAC:	16.49	22.23	21.91	22.52	22.57	22.38	23.66	21.42	22.64	23.28
FlowSAC*:	16.07	21.57	15.89	21.94	16.40	22.24	23.28	21.31	21.79	22.81
0216 : temple_3/frame_0031.png
 Matches:	20.40	24.68	25.88	26.63	27.03	27.58	27.94	28.12	28.75	28.94
 Outlier:	11.45	17.64	19.75	21.17	22.04	23.35	24.23	24.67	26.25	26.71
EpicFlow:	19.19	18.54	18.43	18.40	18.79	18.88	19.03	19.61	20.16	19.99
 RicFlow:	21.08	20.61	20.67	21.17	21.03	22.57	23.17	23.22	23.75	23.91
 FlowSAC:	20.32	20.67	21.79	21.50	22.11	21.39	21.27	23.89	23.44	21.74
FlowSAC*:	20.43	21.80	21.75	21.37	21.83	22.27	22.78	23.85	23.48	22.40
0217 : temple_3/frame_0032.png
 Matches:	23.10	28.33	29.38	29.98	30.35	31.00	31.44	31.65	32.37	32.74
 Outlier:	9.77	14.37	16.30	17.44	18.20	19.68	20.69	21.18	22.86	23.71
EpicFlow:	19.50	19.39	19.47	19.41	19.44	19.42	19.75	19.76	20.19	20.67
 RicFlow:	21.14	21.31	21.32	21.21	21.53	21.67	21.90	22.00	21.31	21.47
 FlowSAC:	20.12	19.78	19.59	19.58	19.67	19.83	19.99	20.29	19.67	19.55
FlowSAC*:	20.10	19.70	19.36	19.62	19.67	19.68	19.65	20.14	19.32	19.60
0218 : temple_3/frame_0033.png
 Matches:	25.12	30.69	31.77	32.49	32.94	33.66	34.34	34.78	35.62	35.91
 Outlier:	11.01	16.46	18.40	19.81	20.66	22.19	23.74	24.68	26.44	27.03
EpicFlow:	5.45	5.83	5.90	5.97	6.02	6.22	6.51	7.04	7.43	7.45
 RicFlow:	5.90	6.18	6.64	6.68	6.73	7.03	7.10	7.22	7.56	7.80
 FlowSAC:	5.26	5.53	5.68	5.55	5.91	5.93	6.18	6.15	6.10	6.13
FlowSAC*:	5.62	5.36	5.58	5.69	5.91	5.95	6.18	6.26	5.98	5.94
0219 : temple_3/frame_0034.png
 Matches:	25.07	30.80	32.01	32.90	33.46	34.15	34.60	34.86	35.54	36.05
 Outlier:	12.00	18.67	20.74	22.42	23.66	25.02	25.95	26.51	27.86	28.86
EpicFlow:	7.11	7.37	7.53	7.56	7.42	7.48	7.67	7.88	8.16	8.46
 RicFlow:	7.80	8.25	8.68	8.64	8.89	9.32	9.52	9.59	10.26	10.17
 FlowSAC:	7.24	9.38	9.47	9.30	9.10	7.83	8.10	9.09	8.09	9.63
FlowSAC*:	7.32	9.45	9.42	9.24	9.10	7.56	8.07	9.09	8.03	9.53
0220 : temple_3/frame_0035.png
 Matches:	25.23	31.12	32.10	32.63	32.96	33.55	33.88	34.06	34.39	34.75
 Outlier:	13.86	20.00	21.60	22.72	23.41	24.67	25.37	25.74	26.43	27.19
EpicFlow:	13.49	12.78	12.84	12.93	13.83	13.79	13.49	13.64	13.79	14.50
 RicFlow:	15.41	15.34	14.81	14.80	15.23	16.09	16.29	16.34	16.06	16.26
 FlowSAC:	12.63	13.86	13.77	13.67	16.33	14.36	15.85	15.46	13.30	12.60
FlowSAC*:	12.31	12.84	12.88	12.58	12.93	12.64	13.14	12.50	12.86	12.83
0221 : temple_3/frame_0036.png
 Matches:	23.26	29.24	30.37	31.09	31.61	32.38	32.88	33.09	33.52	33.86
 Outlier:	12.72	18.90	20.93	22.45	23.58	25.16	26.16	26.63	27.51	28.20
EpicFlow:	11.36	10.94	11.10	11.49	10.89	10.79	10.52	10.56	11.32	10.55
 RicFlow:	13.69	13.99	13.41	14.11	13.00	13.38	14.38	14.56	15.57	14.48
 FlowSAC:	12.97	11.81	13.42	12.81	12.63	11.82	11.44	11.49	12.68	11.61
FlowSAC*:	12.95	11.82	13.39	12.64	12.53	11.60	11.35	11.44	11.36	10.18
0222 : temple_3/frame_0037.png
 Matches:	20.70	27.40	28.58	29.32	29.81	30.51	31.13	31.45	32.31	33.18
 Outlier:	22.44	27.96	29.94	31.40	32.37	33.75	34.90	35.44	37.06	38.66
EpicFlow:	16.89	19.36	21.54	21.78	21.83	21.65	20.60	20.51	20.17	21.43
 RicFlow:	21.01	22.25	22.50	22.44	22.98	23.64	23.18	23.04	24.01	26.46
 FlowSAC:	19.88	19.20	18.70	18.82	20.39	19.99	18.62	18.57	19.32	19.12
FlowSAC*:	21.08	17.63	18.78	18.92	19.30	19.50	18.13	18.68	18.83	18.64
0223 : temple_3/frame_0038.png
 Matches:	22.81	30.18	31.54	32.43	32.96	33.83	34.46	34.81	35.71	36.55
 Outlier:	21.25	28.58	30.81	32.30	33.19	34.73	35.86	36.45	37.95	39.30
EpicFlow:	11.11	9.66	9.64	9.71	9.74	9.93	10.08	10.18	12.35	17.18
 RicFlow:	13.23	13.58	14.17	14.30	14.91	14.18	14.90	15.14	15.24	17.26
 FlowSAC:	10.05	11.48	11.17	11.23	11.41	11.69	11.11	11.22	11.40	11.53
FlowSAC*:	10.01	11.21	11.06	11.15	10.97	10.56	11.11	10.96	11.31	11.69
0224 : temple_3/frame_0039.png
 Matches:	21.40	29.41	31.17	32.35	33.07	34.03	34.78	35.13	36.04	36.73
 Outlier:	22.27	30.53	33.04	34.81	35.88	37.35	38.60	39.17	40.55	41.45
EpicFlow:	9.32	9.81	10.20	10.58	10.96	11.22	11.80	11.64	12.15	12.35
 RicFlow:	10.17	10.40	14.39	13.49	13.49	14.29	14.85	14.86	19.56	18.44
 FlowSAC:	9.42	9.64	10.46	11.57	11.54	12.41	11.78	11.60	11.90	12.26
FlowSAC*:	9.58	9.60	10.28	11.70	11.75	12.19	12.47	12.25	11.56	12.03
0225 : temple_3/frame_0040.png
 Matches:	20.49	28.80	30.35	31.25	31.84	32.65	33.27	33.62	34.49	35.15
 Outlier:	26.21	35.01	37.27	38.65	39.61	41.03	42.09	42.69	44.08	45.05
EpicFlow:	11.33	12.78	9.54	9.73	9.79	10.34	10.05	10.30	10.74	11.31
 RicFlow:	8.73	9.47	9.84	10.11	10.88	10.96	11.16	11.17	12.94	13.85
 FlowSAC:	7.06	8.25	8.35	8.42	8.63	8.91	8.93	8.58	8.72	9.14
FlowSAC*:	6.94	8.40	8.42	8.67	8.42	8.72	9.02	8.12	7.98	7.60
0226 : temple_3/frame_0041.png
 Matches:	26.04	34.35	35.70	36.48	36.99	37.54	37.96	38.12	38.45	38.69
 Outlier:	21.17	27.78	29.68	30.86	31.64	32.51	33.22	33.50	34.06	34.47
EpicFlow:	6.20	6.83	7.06	7.39	7.43	7.63	7.83	8.15	8.47	9.03
 RicFlow:	5.79	6.13	6.70	7.19	7.16	8.66	8.66	8.59	9.20	9.66
 FlowSAC:	6.36	5.20	5.21	5.35	5.29	5.51	5.37	5.46	5.49	5.53
FlowSAC*:	5.37	5.41	4.91	5.48	5.22	5.48	5.22	5.37	5.41	5.54
0227 : temple_3/frame_0042.png
 Matches:	29.75	37.09	38.43	39.18	39.64	40.32	40.75	40.95	41.27	41.52
 Outlier:	20.93	26.09	27.68	28.65	29.31	30.37	31.07	31.40	31.88	32.19
EpicFlow:	4.34	5.07	5.27	5.50	5.59	5.93	6.20	6.24	6.41	6.43
 RicFlow:	4.97	5.64	5.85	6.09	6.16	7.08	7.14	7.52	7.79	7.87
 FlowSAC:	4.69	4.84	5.03	4.95	4.59	5.27	4.81	5.34	5.47	5.12
FlowSAC*:	4.17	4.28	4.56	4.57	4.07	4.91	4.39	4.70	4.27	4.53
0228 : temple_3/frame_0043.png
 Matches:	31.95	39.84	40.90	41.51	41.83	42.16	42.41	42.50	42.63	42.78
 Outlier:	24.53	29.19	30.27	31.07	31.47	31.96	32.35	32.50	32.71	32.91
EpicFlow:	5.22	5.57	5.74	5.84	5.93	6.01	6.20	6.21	7.06	7.67
 RicFlow:	5.14	6.00	6.35	6.90	6.93	7.26	8.10	8.56	8.82	8.19
 FlowSAC:	4.86	5.45	6.17	5.96	5.53	5.81	5.57	5.34	5.50	5.21
FlowSAC*:	4.79	5.47	5.14	5.53	5.52	5.80	5.78	4.75	5.60	5.22
0229 : temple_3/frame_0045.png
 Matches:	33.74	41.02	42.22	42.95	43.36	43.97	44.39	44.57	45.00	45.30
 Outlier:	14.55	19.25	20.97	22.08	22.74	23.76	24.47	24.79	25.51	25.99
EpicFlow:	3.90	4.31	4.48	4.52	4.61	4.74	4.92	5.14	5.62	6.15
 RicFlow:	3.79	4.66	5.11	5.31	5.45	5.67	5.83	6.16	6.92	7.04
 FlowSAC:	4.38	2.75	3.32	3.51	3.42	2.93	3.71	4.20	4.40	3.77
FlowSAC*:	4.37	2.86	2.98	3.55	3.42	2.98	3.01	4.22	4.01	3.37
0230 : temple_3/frame_0046.png
 Matches:	32.68	39.65	40.87	41.76	42.36	43.24	44.04	44.46	45.19	45.77
 Outlier:	11.05	15.95	17.55	19.03	20.09	21.63	23.00	23.73	24.96	25.91
EpicFlow:	3.55	4.07	4.22	4.30	4.61	5.05	5.57	5.80	6.25	7.00
 RicFlow:	2.68	4.72	5.28	5.81	6.22	6.26	6.55	6.51	7.28	7.37
 FlowSAC:	3.16	3.21	3.29	3.30	3.98	3.80	3.71	4.04	4.06	4.27
FlowSAC*:	3.01	3.28	3.25	3.92	4.05	3.80	3.69	3.23	4.00	4.13
0231 : temple_3/frame_0047.png
 Matches:	33.22	39.20	40.53	41.29	41.86	42.68	43.31	43.68	44.89	45.63
 Outlier:	9.41	13.42	15.16	16.35	17.31	18.73	19.84	20.51	22.62	23.88
EpicFlow:	2.53	3.70	3.91	4.16	4.39	4.61	5.27	5.49	6.21	6.81
 RicFlow:	2.48	3.89	4.27	5.04	5.51	6.10	6.68	6.78	6.99	7.08
 FlowSAC:	1.87	2.32	2.93	2.90	2.73	3.14	2.95	2.97	2.93	3.30
FlowSAC*:	2.23	2.11	2.94	3.06	2.66	3.10	2.92	2.95	2.91	3.37
mean:
 Matches:	25.35	32.71	33.82	34.51	34.93	35.56	35.96	36.18	36.59	36.86
 Outlier:	18.65	24.39	25.91	26.97	27.65	28.67	29.32	29.67	30.33	30.75
EpicFlow:	12.49	13.33	13.17	13.16	13.38	13.42	13.59	13.76	14.00	14.00
 RicFlow:	13.17	13.60	13.84	13.89	13.91	14.14	14.21	14.33	14.49	14.51
 FlowSAC:	12.16	12.37	12.15	12.27	12.39	12.32	12.26	12.44	12.31	12.37
FlowSAC*:	12.13	12.23	12.20	12.18	12.21	12.34	12.28	12.43	12.33	12.34
