0001 : ambush_2/frame_0001.png
 Matches:	13.15	19.56	25.64	29.43	32.56	35.12	37.09	38.50	40.15	41.15
 Outlier:	29.37	38.67	48.02	53.43	57.34	59.97	61.78	62.93	64.25	64.98
EpicFlow:	7.74	7.84	7.45	10.94	12.43	12.71	13.23	13.34	13.97	14.49
 RicFlow:	10.58	13.10	12.63	13.57	14.08	13.73	14.37	15.09	15.56	16.10
 FlowSAC:	6.88	6.80	6.91	7.45	8.92	7.23	8.87	7.93	9.73	7.67
FlowSAC*:	6.88	6.77	7.35	7.67	8.91	7.37	8.60	7.91	10.06	8.21
0002 : ambush_2/frame_0002.png
 Matches:	9.87	15.50	20.39	23.80	27.13	30.06	32.15	33.75	35.65	37.04
 Outlier:	42.59	50.67	58.38	63.04	66.86	69.61	71.30	72.48	73.83	74.68
EpicFlow:	13.53	12.36	17.62	19.05	19.55	19.78	19.92	19.84	21.95	22.43
 RicFlow:	11.35	14.99	19.31	21.69	23.20	24.63	24.22	25.54	26.03	26.60
 FlowSAC:	9.88	9.79	10.14	9.35	9.80	11.16	12.16	11.22	9.79	9.91
FlowSAC*:	9.60	9.35	10.24	9.92	11.12	11.92	11.47	10.91	9.96	11.19
0003 : ambush_2/frame_0003.png
 Matches:	7.81	12.96	18.15	21.51	24.57	27.22	29.15	30.60	32.63	34.06
 Outlier:	47.23	55.44	63.73	68.23	71.45	73.74	75.30	76.34	77.61	78.39
EpicFlow:	22.25	20.52	23.45	27.86	30.50	31.48	33.81	34.50	34.46	34.57
 RicFlow:	10.73	17.24	24.01	29.72	31.43	37.91	39.54	40.52	40.65	41.56
 FlowSAC:	11.73	10.31	10.79	10.34	10.50	11.42	10.90	10.73	10.78	10.63
FlowSAC*:	12.43	10.23	12.61	10.64	10.94	11.03	11.12	11.96	10.34	10.79
0004 : ambush_2/frame_0004.png
 Matches:	6.81	12.51	18.72	22.80	26.65	29.45	31.18	32.39	34.19	35.30
 Outlier:	57.05	63.49	70.07	73.57	76.52	78.36	79.32	79.95	80.74	81.19
EpicFlow:	26.39	18.82	19.39	19.99	24.60	28.54	30.23	32.42	32.67	33.15
 RicFlow:	14.56	20.06	22.54	24.81	26.72	27.80	28.22	29.08	29.29	30.80
 FlowSAC:	10.38	9.89	8.59	10.52	11.48	10.29	10.85	9.55	9.54	10.24
FlowSAC*:	10.50	10.50	9.55	10.79	12.13	11.66	11.46	10.35	10.21	10.89
0005 : ambush_2/frame_0005.png
 Matches:	5.69	10.88	17.19	21.70	25.73	28.95	31.39	33.28	35.71	37.43
 Outlier:	57.92	64.51	70.99	75.00	77.77	79.54	80.72	81.59	82.62	83.34
EpicFlow:	12.37	13.74	29.60	29.29	26.82	29.88	29.58	30.63	33.88	34.83
 RicFlow:	16.28	19.57	25.40	27.77	29.90	31.73	31.73	31.94	34.69	35.28
 FlowSAC:	11.91	13.18	11.67	10.89	13.96	11.63	14.09	14.24	13.64	13.26
FlowSAC*:	11.78	12.88	11.38	11.15	13.95	13.94	15.31	14.03	13.87	13.39
0006 : ambush_2/frame_0006.png
 Matches:	5.78	11.12	17.27	21.80	25.98	29.80	32.58	34.29	36.68	38.27
 Outlier:	57.66	65.13	72.30	75.81	78.42	80.66	82.00	82.82	83.86	84.42
EpicFlow:	20.19	15.81	17.61	25.18	32.63	28.11	26.82	29.48	28.69	25.54
 RicFlow:	25.00	28.13	29.74	31.30	34.88	35.60	36.42	38.29	40.43	41.47
 FlowSAC:	18.13	16.23	17.83	17.47	16.31	18.44	18.08	16.42	25.12	23.22
FlowSAC*:	18.13	16.47	18.42	17.75	18.97	19.06	19.13	16.45	25.26	23.41
0007 : ambush_2/frame_0007.png
 Matches:	5.98	11.33	17.25	20.97	24.31	27.15	29.71	31.89	35.10	37.64
 Outlier:	46.60	55.39	65.21	69.95	73.21	75.42	76.86	78.04	79.53	80.69
EpicFlow:	19.12	19.15	22.08	22.75	24.62	26.39	28.47	29.17	29.73	29.68
 RicFlow:	19.08	21.84	23.59	26.76	29.42	32.14	32.23	32.68	33.95	37.15
 FlowSAC:	11.10	11.32	11.67	11.86	12.33	12.10	19.86	21.72	24.58	20.07
FlowSAC*:	11.19	11.83	11.56	12.36	12.18	12.12	19.12	22.14	24.56	20.07
0008 : ambush_2/frame_0008.png
 Matches:	8.33	14.07	19.63	23.09	26.02	28.59	30.54	32.15	34.85	36.88
 Outlier:	34.65	45.19	55.18	60.39	63.93	66.42	68.25	69.54	71.46	72.68
EpicFlow:	19.51	16.88	19.11	18.47	19.64	20.71	20.34	20.63	20.47	21.08
 RicFlow:	18.90	19.03	19.53	21.00	20.43	22.29	22.70	23.32	23.61	24.00
 FlowSAC:	8.94	9.15	8.36	10.36	10.22	10.31	11.10	10.20	11.59	8.28
FlowSAC*:	8.80	8.96	8.27	10.98	8.25	10.37	11.26	9.15	11.59	7.59
0009 : ambush_2/frame_0009.png
 Matches:	8.49	13.44	18.29	21.69	24.92	28.04	30.30	31.99	34.56	36.17
 Outlier:	34.14	44.46	54.37	60.13	64.47	67.68	69.75	71.09	72.86	73.83
EpicFlow:	20.98	19.00	19.24	19.80	20.14	21.27	21.21	21.61	21.35	21.38
 RicFlow:	21.85	21.87	23.35	24.33	24.41	24.39	24.61	24.08	25.00	24.63
 FlowSAC:	16.81	11.36	10.95	24.16	11.33	18.62	14.79	13.64	17.18	21.85
FlowSAC*:	16.75	11.00	11.03	17.19	12.67	19.45	14.29	13.60	16.58	24.64
0010 : ambush_2/frame_0010.png
 Matches:	8.22	13.14	18.06	21.45	24.85	28.14	30.47	32.22	35.15	37.41
 Outlier:	34.64	45.88	56.24	61.72	66.06	69.37	71.35	72.60	74.54	75.88
EpicFlow:	21.25	22.42	23.31	22.71	22.70	22.83	22.46	22.42	23.33	23.99
 RicFlow:	23.24	26.93	26.47	25.93	25.06	25.91	26.17	25.46	26.66	27.08
 FlowSAC:	24.14	39.16	19.50	24.64	35.60	22.07	18.04	21.02	19.12	18.11
FlowSAC*:	23.76	39.29	19.63	24.67	34.57	22.53	21.66	20.86	19.95	20.48
0011 : ambush_2/frame_0011.png
 Matches:	9.26	14.69	20.43	24.46	28.01	31.12	33.33	34.97	37.23	38.77
 Outlier:	36.58	47.56	58.21	63.62	67.17	69.70	71.41	72.37	73.68	74.49
EpicFlow:	24.25	24.12	23.48	23.48	23.57	26.51	26.44	26.79	26.91	26.83
 RicFlow:	27.10	27.79	27.18	27.52	28.33	28.45	28.03	28.13	28.17	28.38
 FlowSAC:	25.75	22.76	25.62	24.29	24.32	25.92	35.84	24.41	24.27	27.26
FlowSAC*:	25.11	22.76	25.38	23.88	24.26	25.93	35.88	32.29	22.45	27.22
0012 : ambush_2/frame_0012.png
 Matches:	8.57	13.87	19.27	23.20	27.03	30.25	32.28	33.64	35.56	37.05
 Outlier:	35.00	46.28	57.96	64.10	68.21	70.96	72.50	73.47	74.78	75.73
EpicFlow:	32.66	34.78	36.22	34.96	37.60	40.79	39.56	37.55	35.19	38.47
 RicFlow:	33.93	35.30	34.70	35.33	37.56	39.28	40.30	41.37	41.65	41.86
 FlowSAC:	31.99	34.14	32.39	31.82	30.57	31.68	32.02	32.98	31.40	30.43
FlowSAC*:	32.10	34.40	32.35	32.03	30.72	32.81	32.87	32.61	31.43	30.41
0013 : ambush_2/frame_0013.png
 Matches:	7.41	11.48	15.65	18.76	22.01	24.83	26.98	28.47	30.14	31.42
 Outlier:	32.66	42.76	53.65	59.61	64.46	67.78	70.03	71.36	72.64	73.58
EpicFlow:	54.96	96.21	70.08	62.15	63.52	65.75	66.23	65.80	69.85	69.14
 RicFlow:	57.24	55.17	63.42	61.64	65.80	66.39	66.17	67.63	67.26	66.30
 FlowSAC:	51.95	53.39	53.69	55.93	56.10	54.33	55.24	54.82	53.42	55.49
FlowSAC*:	55.58	53.99	53.81	56.17	55.75	54.42	55.27	54.91	53.38	55.13
0014 : ambush_2/frame_0014.png
 Matches:	7.12	11.89	16.18	18.90	21.57	24.12	25.79	27.17	29.12	30.37
 Outlier:	32.73	39.73	49.72	55.67	60.21	63.21	65.16	66.65	68.46	69.52
EpicFlow:	65.27	63.72	58.44	59.85	69.47	64.59	60.11	64.14	73.64	71.15
 RicFlow:	63.04	65.23	65.23	64.65	65.78	65.37	70.22	71.73	83.97	88.67
 FlowSAC:	68.52	67.21	64.43	65.39	65.64	66.34	66.81	65.69	65.19	65.22
FlowSAC*:	69.65	67.13	64.41	65.39	65.91	65.93	66.80	64.57	65.27	65.24
0015 : ambush_2/frame_0015.png
 Matches:	5.85	10.68	15.64	18.79	21.58	23.94	25.85	27.48	29.94	31.82
 Outlier:	38.96	44.23	52.62	58.28	62.71	66.01	68.28	69.88	71.99	73.20
EpicFlow:	72.14	68.04	66.29	63.32	65.21	64.84	78.60	73.14	73.41	74.59
 RicFlow:	72.12	70.77	70.46	72.76	72.76	68.30	68.00	82.58	82.91	82.78
 FlowSAC:	59.07	66.51	66.17	67.52	70.05	71.58	66.03	67.67	64.26	70.25
FlowSAC*:	59.07	66.18	66.03	67.56	69.64	70.59	66.41	67.34	63.92	69.83
0016 : ambush_2/frame_0016.png
 Matches:	7.28	13.42	20.06	24.14	27.35	29.94	31.44	32.72	34.47	35.99
 Outlier:	36.91	44.37	54.56	60.17	63.82	66.28	67.59	68.64	69.82	70.78
EpicFlow:	22.23	20.12	45.51	47.54	49.29	56.97	49.22	46.07	46.45	63.59
 RicFlow:	24.27	27.41	44.31	44.82	43.97	45.92	45.69	47.71	46.98	46.80
 FlowSAC:	9.50	14.38	15.45	36.24	36.79	39.00	31.51	36.12	31.55	35.67
FlowSAC*:	9.47	14.48	15.06	35.88	36.91	33.92	36.49	36.25	30.96	41.16
0017 : ambush_2/frame_0017.png
 Matches:	10.43	19.03	26.61	30.46	32.92	34.44	35.54	36.47	38.25	39.55
 Outlier:	34.46	41.41	49.61	54.04	56.83	58.55	59.70	60.56	62.12	63.05
EpicFlow:	10.39	6.50	6.63	6.72	6.79	7.24	8.32	8.50	8.03	8.93
 RicFlow:	11.33	11.05	10.28	11.36	11.53	12.73	13.24	13.18	14.32	15.32
 FlowSAC:	3.14	3.39	4.39	3.08	3.29	2.63	2.99	4.21	3.97	2.88
FlowSAC*:	3.48	3.57	4.13	3.07	3.29	2.83	3.04	4.24	3.97	2.87
0018 : ambush_2/frame_0018.png
 Matches:	14.65	22.71	29.05	32.45	35.17	37.11	38.25	39.13	40.60	41.99
 Outlier:	22.14	29.23	37.56	42.50	46.30	48.84	50.13	51.14	52.58	53.53
EpicFlow:	4.46	6.17	10.91	12.50	13.25	11.72	12.37	13.06	13.41	13.49
 RicFlow:	7.96	9.32	10.60	12.85	13.34	13.94	14.37	14.20	14.80	14.62
 FlowSAC:	3.63	3.77	2.72	3.49	2.78	2.79	2.93	2.70	3.47	3.54
FlowSAC*:	3.22	3.85	2.76	3.34	2.79	2.62	3.18	2.67	3.81	3.44
0019 : ambush_2/frame_0019.png
 Matches:	9.42	17.98	26.24	30.41	33.32	35.52	36.92	38.05	40.29	41.87
 Outlier:	36.24	41.69	49.77	54.44	57.88	60.26	61.52	62.52	64.15	65.05
EpicFlow:	7.13	6.90	9.59	14.02	15.65	16.51	16.75	17.10	17.14	17.62
 RicFlow:	11.66	13.80	15.40	22.04	21.84	21.46	21.64	21.37	21.29	21.03
 FlowSAC:	4.15	3.43	4.49	4.02	4.22	4.88	4.74	5.09	4.83	4.01
FlowSAC*:	4.94	3.45	3.95	4.11	4.20	5.65	4.72	5.05	4.82	4.16
0020 : ambush_2/frame_0020.png
 Matches:	4.37	9.21	15.29	19.60	23.17	25.57	27.11	28.13	29.36	30.50
 Outlier:	59.97	62.28	66.55	69.45	72.33	74.39	75.74	76.59	77.56	78.21
EpicFlow:	16.28	17.60	15.15	14.44	20.14	20.28	22.05	21.57	21.72	22.32
 RicFlow:	22.69	23.63	26.84	29.07	29.12	30.63	31.78	32.29	32.93	33.14
 FlowSAC:	7.82	7.48	7.19	6.81	7.10	6.65	6.48	6.51	6.12	7.00
FlowSAC*:	7.82	7.48	7.19	6.86	6.78	6.14	6.49	6.51	6.20	6.87
0021 : ambush_4/frame_0001.png
 Matches:	21.74	26.16	30.02	32.60	35.11	37.23	38.59	39.56	40.65	41.27
 Outlier:	5.75	11.99	19.61	24.76	29.38	32.98	35.14	36.59	38.11	39.03
EpicFlow:	5.55	5.77	4.93	4.98	4.91	5.18	5.26	5.06	5.20	5.29
 RicFlow:	7.66	7.66	7.87	7.98	9.75	10.80	10.65	12.06	11.89	12.49
 FlowSAC:	6.37	6.48	4.57	4.52	3.83	5.88	6.92	3.98	5.82	4.56
FlowSAC*:	6.37	6.48	6.00	5.59	3.83	5.88	6.13	3.98	3.80	7.09
0022 : ambush_4/frame_0002.png
 Matches:	22.67	27.34	31.66	34.66	37.60	40.22	42.00	43.18	44.26	45.16
 Outlier:	5.81	12.28	20.88	26.56	31.41	35.38	37.94	39.58	40.97	42.03
EpicFlow:	5.32	5.19	5.05	4.68	4.64	4.54	4.66	4.56	4.98	5.21
 RicFlow:	6.22	7.78	9.06	10.50	11.32	12.15	12.54	12.69	13.26	13.57
 FlowSAC:	4.29	2.98	4.34	4.32	4.94	5.08	5.05	3.71	4.52	6.79
FlowSAC*:	4.39	4.05	4.34	4.32	5.16	5.12	5.05	4.02	5.18	6.79
0023 : ambush_4/frame_0003.png
 Matches:	7.70	8.46	9.07	9.54	9.96	10.37	10.74	11.26	12.40	13.38
 Outlier:	2.23	5.05	10.01	13.36	16.53	19.61	22.39	25.96	32.73	37.63
EpicFlow:	6.94	6.43	6.18	6.16	109.95	180.68	179.78	171.08	216.51	250.86
 RicFlow:	9.14	13.13	56.54	68.40	58.29	65.68	275.94	297.31	300.77	302.98
 FlowSAC:	8.76	8.43	9.67	6.72	12.87	29.01	31.18	25.96	6.79	88.50
FlowSAC*:	8.60	8.43	9.98	6.72	12.87	29.01	31.18	25.96	6.78	88.50
0024 : ambush_4/frame_0004.png
 Matches:	1.59	2.64	4.43	5.91	7.36	8.75	9.88	10.87	12.18	13.78
 Outlier:	40.26	60.36	75.51	81.41	85.01	87.29	88.62	89.66	90.77	91.81
EpicFlow:	63.34	77.70	76.28	78.32	81.87	87.58	96.59	100.34	110.33	116.31
 RicFlow:	91.26	92.04	94.76	99.31	104.04	99.76	115.00	127.64	127.69	142.78
 FlowSAC:	63.96	65.80	78.11	88.99	80.80	83.68	83.00	83.51	83.70	83.16
FlowSAC*:	63.96	66.13	77.37	87.91	80.52	83.68	83.90	84.14	83.70	83.23
0025 : ambush_4/frame_0005.png
 Matches:	1.34	2.61	4.87	7.08	9.65	12.16	14.35	16.17	18.67	20.58
 Outlier:	53.39	73.39	84.61	88.90	91.50	92.72	93.49	94.10	94.84	95.30
EpicFlow:	93.36	76.63	87.60	77.35	88.41	95.54	91.07	92.53	93.53	93.15
 RicFlow:	84.55	79.22	85.95	83.00	82.98	87.93	91.72	91.51	89.66	89.84
 FlowSAC:	92.14	91.84	94.89	103.81	108.53	105.88	109.03	105.34	109.44	99.18
FlowSAC*:	91.91	91.84	94.89	103.99	108.56	104.08	109.28	105.82	110.38	98.97
0026 : ambush_4/frame_0006.png
 Matches:	4.52	7.06	10.51	13.34	16.43	19.42	21.49	23.29	26.03	28.28
 Outlier:	31.74	47.49	61.38	68.59	73.68	77.01	78.89	80.23	82.12	83.32
EpicFlow:	55.54	42.47	44.19	57.99	64.20	62.92	66.15	65.81	64.69	65.46
 RicFlow:	48.32	40.37	40.65	42.44	44.28	47.93	48.47	47.97	48.77	45.91
 FlowSAC:	45.60	38.97	42.47	44.11	44.01	42.75	42.34	42.17	44.74	40.84
FlowSAC*:	48.92	39.68	41.42	42.11	42.74	42.77	42.34	41.90	44.11	41.11
0027 : ambush_4/frame_0007.png
 Matches:	7.28	10.54	13.76	16.27	18.58	20.57	22.15	23.46	25.86	27.65
 Outlier:	16.86	28.31	41.01	48.54	53.92	57.79	60.42	62.37	65.66	67.68
EpicFlow:	49.39	52.35	58.35	60.67	61.81	61.93	60.95	60.89	60.42	59.98
 RicFlow:	50.14	55.93	69.44	64.34	60.54	61.45	62.28	60.93	62.41	63.68
 FlowSAC:	55.19	64.54	57.58	53.71	53.58	56.94	61.29	55.80	49.95	59.13
FlowSAC*:	55.10	65.28	57.40	53.67	53.64	54.29	60.87	55.97	50.18	58.78
0028 : ambush_4/frame_0008.png
 Matches:	8.93	11.70	14.66	17.14	19.81	22.28	24.20	25.84	28.33	30.48
 Outlier:	12.23	23.97	36.84	45.21	52.30	57.36	60.49	62.86	65.92	68.26
EpicFlow:	34.48	34.35	34.29	37.09	37.18	37.57	37.81	40.25	42.25	42.59
 RicFlow:	31.95	36.51	35.15	39.42	38.55	41.18	42.75	42.03	43.54	42.25
 FlowSAC:	33.34	32.03	32.80	35.39	33.49	32.78	33.12	33.98	33.81	33.94
FlowSAC*:	33.69	33.07	32.80	35.09	35.05	32.39	33.15	33.71	36.00	35.20
0029 : ambush_4/frame_0009.png
 Matches:	11.37	15.62	19.31	21.84	24.39	26.69	28.43	29.83	31.73	33.23
 Outlier:	14.55	24.64	35.33	41.43	46.48	50.27	52.82	54.64	57.13	58.98
EpicFlow:	21.54	20.89	19.00	18.55	20.64	19.55	19.44	20.90	20.92	20.66
 RicFlow:	19.17	19.22	18.63	19.44	21.78	20.60	20.32	21.03	22.60	23.35
 FlowSAC:	19.11	19.34	19.27	20.10	21.10	20.45	21.09	21.25	20.35	22.39
FlowSAC*:	21.20	18.34	18.49	20.64	22.31	21.63	20.90	21.53	19.77	20.40
0030 : ambush_4/frame_0010.png
 Matches:	16.84	20.26	23.34	25.56	27.69	29.46	30.84	31.91	33.46	34.46
 Outlier:	8.86	17.11	25.51	30.91	35.37	38.67	41.08	42.85	45.28	46.75
EpicFlow:	23.31	31.13	24.45	20.79	21.17	20.67	21.56	22.59	21.99	21.72
 RicFlow:	20.31	17.58	17.00	19.89	19.18	18.90	18.51	19.87	20.32	20.93
 FlowSAC:	24.29	20.91	23.66	21.22	23.61	24.35	23.51	26.21	22.68	23.23
FlowSAC*:	22.26	20.52	22.98	21.02	23.38	24.09	23.92	25.28	20.49	25.25
0031 : ambush_4/frame_0011.png
 Matches:	18.56	22.78	26.49	29.15	31.71	33.87	35.51	36.68	38.06	39.17
 Outlier:	10.53	18.96	27.50	32.82	37.38	40.74	43.11	44.61	46.22	47.55
EpicFlow:	13.01	15.01	12.77	13.37	13.96	13.87	13.89	13.79	13.03	13.90
 RicFlow:	12.74	14.28	14.35	13.92	13.04	13.13	13.23	13.53	13.73	13.66
 FlowSAC:	12.92	13.51	12.73	12.73	13.34	12.17	13.51	11.62	11.96	11.06
FlowSAC*:	13.42	12.83	11.65	12.93	12.50	12.10	13.35	11.80	11.96	11.09
0032 : ambush_4/frame_0012.png
 Matches:	18.55	23.11	27.08	29.96	32.73	35.09	36.69	38.04	40.26	41.54
 Outlier:	10.36	18.49	26.83	32.55	37.28	40.80	43.09	44.90	47.44	48.87
EpicFlow:	13.16	11.52	14.12	13.08	13.41	14.11	14.31	14.25	14.87	15.32
 RicFlow:	12.64	12.77	15.98	16.30	16.64	16.47	16.73	16.04	16.84	17.49
 FlowSAC:	13.19	12.93	14.56	13.00	12.59	14.52	13.31	12.40	12.47	13.16
FlowSAC*:	13.19	12.86	14.39	13.44	12.48	13.71	13.38	12.05	12.98	13.41
0033 : ambush_4/frame_0013.png
 Matches:	16.63	21.38	25.12	27.55	30.30	32.84	34.72	36.15	38.27	39.89
 Outlier:	8.80	15.67	23.83	28.99	34.41	38.83	41.90	44.03	46.73	48.54
EpicFlow:	11.62	9.22	10.23	10.31	10.85	9.88	9.83	10.12	11.35	12.15
 RicFlow:	10.97	9.67	9.71	9.17	10.41	10.86	11.15	12.58	13.82	14.15
 FlowSAC:	11.43	14.77	12.28	10.94	9.56	11.27	13.14	10.73	11.14	11.02
FlowSAC*:	16.70	16.00	11.39	11.11	9.71	10.44	12.96	10.41	9.80	11.11
0034 : ambush_4/frame_0014.png
 Matches:	18.27	24.44	29.29	32.02	34.47	36.64	38.34	39.80	41.62	42.88
 Outlier:	12.84	21.97	30.71	35.52	39.40	42.57	44.84	46.59	48.72	50.11
EpicFlow:	5.98	5.83	5.72	5.90	6.36	6.51	7.06	7.08	7.33	7.68
 RicFlow:	6.05	6.12	6.57	6.77	6.92	7.13	7.21	7.68	8.02	8.44
 FlowSAC:	6.74	6.03	5.90	5.61	5.57	5.77	6.01	5.70	5.87	6.02
FlowSAC*:	6.74	5.95	5.75	5.59	5.58	5.79	6.07	5.84	5.78	5.87
0035 : ambush_4/frame_0015.png
 Matches:	19.80	25.00	29.73	32.73	35.47	37.80	39.50	40.83	42.73	43.93
 Outlier:	10.33	18.15	27.08	32.29	36.25	39.37	41.55	43.19	45.48	46.74
EpicFlow:	8.46	7.61	7.92	7.45	6.69	6.66	6.82	6.94	7.13	7.50
 RicFlow:	7.12	6.90	7.46	7.78	7.89	7.90	7.88	7.74	8.06	9.04
 FlowSAC:	7.54	7.07	8.39	6.29	6.61	6.61	6.68	6.65	7.74	7.94
FlowSAC*:	7.19	7.40	7.78	6.34	6.38	7.07	6.51	6.63	7.71	8.03
0036 : ambush_4/frame_0016.png
 Matches:	17.72	22.31	26.41	29.51	32.75	35.15	36.69	37.88	39.69	40.99
 Outlier:	9.85	17.87	26.81	32.81	38.24	41.74	43.89	45.48	47.65	49.11
EpicFlow:	12.07	13.73	8.78	9.88	10.34	10.71	10.79	10.80	11.04	12.33
 RicFlow:	9.89	12.73	11.46	11.77	11.10	11.36	12.13	12.28	13.31	13.92
 FlowSAC:	10.26	14.77	13.59	11.76	11.34	11.08	12.67	9.13	11.69	12.25
FlowSAC*:	9.77	14.96	13.26	13.65	11.34	10.92	12.90	8.96	12.10	11.97
0037 : ambush_4/frame_0017.png
 Matches:	19.31	24.80	29.63	32.60	35.27	37.47	38.99	40.28	42.13	43.17
 Outlier:	11.48	19.89	29.12	34.41	38.56	41.62	43.63	45.19	46.77	47.79
EpicFlow:	9.26	9.19	11.11	9.32	9.12	9.98	10.65	9.51	10.38	10.52
 RicFlow:	8.22	8.56	8.85	9.40	10.30	11.88	11.49	11.20	11.92	11.89
 FlowSAC:	10.22	8.29	11.33	11.47	12.94	12.21	12.31	11.42	12.30	13.95
FlowSAC*:	10.72	8.35	11.35	11.35	13.22	11.82	12.24	11.55	12.40	12.72
0038 : ambush_4/frame_0018.png
 Matches:	21.40	27.43	32.93	36.56	39.85	42.41	44.01	45.11	46.51	47.16
 Outlier:	11.70	20.61	29.87	35.41	39.54	42.45	44.25	45.44	46.83	47.49
EpicFlow:	6.33	6.19	6.82	5.92	5.91	6.19	6.47	6.67	6.80	6.78
 RicFlow:	5.97	6.80	5.71	6.20	6.03	6.29	6.50	6.72	7.06	7.12
 FlowSAC:	6.00	6.30	6.47	6.37	5.86	5.57	6.45	5.68	5.80	5.54
FlowSAC*:	5.94	6.43	6.47	6.47	5.88	5.68	6.29	5.51	5.62	5.31
0039 : ambush_4/frame_0019.png
 Matches:	22.67	30.03	36.28	40.02	43.06	45.06	46.18	46.91	47.92	48.54
 Outlier:	13.08	21.16	29.79	34.76	38.27	40.56	41.83	42.65	43.72	44.28
EpicFlow:	3.60	3.91	4.02	4.20	4.54	4.81	4.97	5.13	5.31	5.36
 RicFlow:	4.29	4.08	4.47	4.84	4.91	5.15	5.28	5.31	5.30	5.57
 FlowSAC:	4.27	4.26	4.71	5.35	4.42	4.83	5.46	5.45	4.81	4.80
FlowSAC*:	4.30	4.22	4.68	4.96	4.37	4.35	5.50	5.20	4.58	4.80
0040 : ambush_4/frame_0020.png
 Matches:	16.98	24.90	30.66	33.67	36.12	38.26	39.82	41.06	42.67	43.60
 Outlier:	15.54	22.82	30.50	34.98	38.49	41.41	43.08	44.33	45.81	46.60
EpicFlow:	3.70	4.13	4.30	4.36	4.48	4.52	4.95	5.45	5.50	5.68
 RicFlow:	4.08	4.38	4.65	4.96	5.22	5.52	5.62	5.83	6.17	6.68
 FlowSAC:	4.16	3.90	4.20	4.19	3.95	4.34	4.24	3.81	3.89	4.65
FlowSAC*:	4.17	3.70	4.39	4.06	4.24	4.00	4.18	4.31	4.10	4.18
0041 : ambush_4/frame_0021.png
 Matches:	13.51	21.17	26.58	29.37	31.68	33.49	34.63	35.73	37.59	38.93
 Outlier:	17.38	25.19	34.01	38.72	42.22	44.79	46.24	47.54	49.68	50.97
EpicFlow:	5.65	5.12	5.38	5.76	5.80	5.75	5.76	5.81	6.02	6.31
 RicFlow:	5.43	5.88	5.98	5.95	5.95	6.34	6.87	7.23	7.45	7.74
 FlowSAC:	5.22	5.38	5.60	5.35	4.78	5.28	4.96	4.85	4.79	5.00
FlowSAC*:	5.35	5.31	5.16	5.25	4.60	5.10	4.64	4.89	4.74	4.99
0042 : ambush_4/frame_0022.png
 Matches:	17.34	25.75	31.93	35.16	37.71	39.60	40.91	41.94	43.55	44.53
 Outlier:	15.00	23.63	32.63	37.46	41.04	43.22	44.73	45.79	47.36	48.16
EpicFlow:	3.17	4.43	5.72	6.22	6.63	6.88	6.82	6.88	7.01	7.05
 RicFlow:	5.13	6.77	7.57	7.47	7.69	7.96	7.91	7.77	8.26	8.49
 FlowSAC:	2.62	2.74	5.38	5.57	3.85	2.84	5.84	3.07	4.11	3.16
FlowSAC*:	3.53	2.67	5.44	5.58	3.86	2.76	5.64	2.82	4.17	3.04
0043 : ambush_4/frame_0023.png
 Matches:	27.67	34.80	39.70	42.01	43.82	45.17	46.04	46.72	47.99	48.58
 Outlier:	6.35	12.27	18.52	21.68	24.27	26.17	27.35	28.31	29.86	30.60
EpicFlow:	4.66	4.58	4.75	4.89	4.92	5.00	5.05	5.21	5.34	5.35
 RicFlow:	4.61	5.04	4.87	5.05	5.32	5.02	5.06	5.07	5.37	5.36
 FlowSAC:	4.97	5.09	4.98	4.85	5.00	5.43	5.23	5.45	5.61	5.28
FlowSAC*:	4.98	5.20	5.00	4.82	5.19	5.54	5.10	5.39	5.52	5.10
0044 : ambush_4/frame_0024.png
 Matches:	24.95	31.78	37.85	41.26	43.78	45.69	47.16	47.86	48.66	48.92
 Outlier:	8.67	15.94	24.17	28.58	31.68	33.94	35.68	36.53	37.45	37.74
EpicFlow:	4.04	4.17	4.00	4.00	4.07	4.26	4.43	4.46	4.47	4.43
 RicFlow:	4.32	4.38	4.61	4.62	4.67	4.69	4.82	4.78	4.63	4.59
 FlowSAC:	3.55	4.12	4.10	3.78	3.77	3.95	4.08	4.11	3.83	3.76
FlowSAC*:	3.64	4.08	4.04	3.90	3.77	3.97	3.95	4.26	3.81	3.88
0045 : ambush_4/frame_0025.png
 Matches:	20.95	27.82	33.32	36.58	39.49	42.01	43.66	44.83	46.04	46.60
 Outlier:	10.09	17.81	26.31	31.42	35.45	38.51	40.24	41.36	42.56	43.02
EpicFlow:	2.66	2.91	3.15	3.98	4.49	4.55	4.64	4.57	4.61	4.70
 RicFlow:	2.32	3.08	3.86	3.86	5.16	5.41	5.56	5.48	5.45	5.33
 FlowSAC:	2.92	2.87	2.84	3.04	2.99	2.93	2.91	2.91	2.92	2.90
FlowSAC*:	2.92	2.87	2.63	2.93	3.03	2.94	2.67	2.81	3.05	2.84
0046 : ambush_4/frame_0026.png
 Matches:	17.98	23.27	27.84	30.56	32.97	35.07	36.62	37.82	39.17	40.00
 Outlier:	9.34	17.15	25.83	30.69	34.55	37.66	39.66	41.03	42.60	43.41
EpicFlow:	7.99	8.09	9.63	11.43	12.87	12.88	12.45	12.49	14.16	16.66
 RicFlow:	8.63	8.85	11.88	13.22	13.03	14.00	14.52	14.24	15.15	15.50
 FlowSAC:	7.76	7.97	8.38	8.38	8.22	8.41	8.29	8.04	7.98	7.77
FlowSAC*:	7.81	7.96	8.38	7.93	8.22	8.53	7.79	7.99	8.23	7.75
0047 : ambush_4/frame_0027.png
 Matches:	16.50	21.89	26.32	29.18	31.88	34.10	35.55	36.49	37.48	38.44
 Outlier:	10.29	18.10	26.84	32.41	37.16	40.53	42.43	43.49	44.68	45.90
EpicFlow:	22.25	22.17	21.42	21.83	25.06	27.01	28.32	28.70	28.48	31.22
 RicFlow:	21.89	22.11	22.68	23.73	26.10	29.02	30.17	31.08	30.16	29.59
 FlowSAC:	22.05	21.52	21.97	21.39	21.61	21.92	22.47	21.38	21.90	21.13
FlowSAC*:	21.35	22.19	21.92	21.52	21.84	21.83	21.80	20.92	21.81	21.14
0048 : ambush_4/frame_0028.png
 Matches:	16.66	21.89	26.78	29.92	32.60	34.47	35.46	36.11	37.01	37.60
 Outlier:	10.19	18.59	28.07	33.44	37.57	40.34	41.80	42.75	43.91	44.59
EpicFlow:	32.80	32.46	31.77	31.16	30.44	30.86	30.02	38.07	38.09	30.51
 RicFlow:	33.27	33.83	34.26	35.35	36.63	36.53	35.36	34.18	34.38	32.75
 FlowSAC:	25.75	31.46	33.11	33.58	33.61	33.30	33.18	26.64	33.39	33.50
FlowSAC*:	25.67	32.04	33.03	33.51	33.19	33.30	33.13	32.71	33.96	33.51
0049 : ambush_4/frame_0029.png
 Matches:	15.86	20.68	24.75	27.45	29.89	32.38	34.13	35.44	37.10	38.11
 Outlier:	9.82	17.51	26.44	31.78	36.13	39.73	42.19	44.05	46.25	47.58
EpicFlow:	22.44	17.78	19.00	17.92	17.74	16.89	16.86	17.25	17.93	17.28
 RicFlow:	21.73	20.54	19.53	19.86	21.35	21.57	21.66	21.54	22.50	22.04
 FlowSAC:	22.31	21.62	22.52	21.58	22.75	22.56	22.37	23.13	22.95	22.02
FlowSAC*:	22.28	21.60	21.87	21.52	21.93	22.57	22.40	22.98	22.98	22.31
0050 : ambush_4/frame_0030.png
 Matches:	15.99	20.72	24.97	27.73	30.49	32.90	34.62	36.00	38.42	39.82
 Outlier:	10.42	19.20	29.08	34.67	39.50	42.99	45.42	47.26	50.32	51.93
EpicFlow:	14.76	13.66	14.10	16.79	17.39	16.73	16.59	16.32	16.31	16.50
 RicFlow:	15.76	14.93	13.96	14.28	15.17	15.32	14.91	14.37	15.75	16.30
 FlowSAC:	14.64	14.53	14.64	14.29	14.29	13.35	14.19	12.79	13.73	13.98
FlowSAC*:	15.10	14.40	15.12	14.49	14.28	13.16	14.26	12.58	13.22	13.62
0051 : ambush_4/frame_0031.png
 Matches:	17.46	23.08	28.07	31.17	34.25	37.04	38.99	40.28	42.00	43.40
 Outlier:	12.71	21.79	31.58	36.84	41.49	45.20	47.58	49.05	50.96	52.47
EpicFlow:	9.31	8.47	8.09	7.99	8.07	9.30	9.83	9.96	10.10	10.85
 RicFlow:	9.24	8.35	8.01	8.13	8.33	9.04	9.03	9.67	10.15	10.68
 FlowSAC:	8.72	9.02	10.10	10.05	10.00	11.40	8.10	11.02	9.94	8.77
FlowSAC*:	10.34	9.12	10.08	9.97	10.19	11.20	10.31	10.80	8.90	8.40
0052 : ambush_4/frame_0032.png
 Matches:	21.30	28.03	33.75	37.17	39.98	42.20	43.59	44.68	46.17	46.78
 Outlier:	11.27	19.98	28.99	33.88	37.58	40.21	41.69	42.69	44.15	44.80
EpicFlow:	4.76	4.43	4.26	4.27	4.27	4.31	4.22	4.54	5.02	5.35
 RicFlow:	4.65	4.62	4.50	4.49	4.80	5.04	4.80	4.87	5.38	5.49
 FlowSAC:	4.04	4.33	3.95	3.73	3.79	4.36	4.17	5.66	3.57	3.86
FlowSAC*:	3.82	4.32	3.97	4.04	6.54	4.24	4.11	4.91	3.57	4.04
0053 : ambush_5/frame_0023.png
 Matches:	31.01	35.96	38.98	40.64	41.89	42.90	43.63	44.26	45.08	45.91
 Outlier:	7.72	12.60	17.13	19.73	21.64	23.23	24.39	25.36	26.60	27.69
EpicFlow:	4.00	4.03	4.21	4.21	5.06	5.22	5.22	5.39	5.65	5.74
 RicFlow:	4.31	4.51	4.56	5.36	5.22	5.51	5.32	5.70	5.85	6.30
 FlowSAC:	8.26	3.79	3.65	3.77	3.73	4.39	4.18	3.87	4.58	4.08
FlowSAC*:	4.84	3.96	3.84	4.32	4.27	3.82	4.08	4.56	4.98	4.68
0054 : ambush_5/frame_0028.png
 Matches:	29.68	35.33	38.79	40.42	41.68	42.84	43.62	44.20	45.25	46.15
 Outlier:	9.39	13.87	18.36	20.91	22.77	24.53	25.65	26.50	28.07	29.30
EpicFlow:	2.96	3.02	3.31	3.75	3.82	3.73	3.62	3.59	3.78	3.83
 RicFlow:	3.30	3.44	3.40	3.39	3.25	3.51	3.50	3.52	3.77	3.84
 FlowSAC:	3.66	3.13	3.71	3.75	3.54	3.58	3.59	3.11	3.71	3.62
FlowSAC*:	3.67	3.09	3.22	3.63	3.38	3.03	3.65	3.04	3.63	3.60
0055 : ambush_5/frame_0029.png
 Matches:	26.98	32.69	36.63	38.61	40.15	41.18	41.94	42.56	43.55	44.33
 Outlier:	11.78	17.34	22.42	25.39	27.71	29.25	30.47	31.43	32.85	33.93
EpicFlow:	3.59	3.71	3.91	4.42	5.55	5.73	6.11	6.24	6.65	7.11
 RicFlow:	3.34	3.41	3.59	3.59	3.65	4.24	4.83	5.87	6.17	6.79
 FlowSAC:	3.50	3.78	3.90	4.09	3.98	4.00	4.79	4.29	5.05	4.99
FlowSAC*:	3.34	3.78	4.02	4.66	3.94	3.97	3.90	4.11	4.68	4.49
0056 : ambush_5/frame_0030.png
 Matches:	26.47	32.04	36.35	38.35	39.79	40.84	41.44	42.03	42.91	43.67
 Outlier:	12.36	18.25	24.16	27.08	29.15	30.64	31.53	32.44	33.78	34.88
EpicFlow:	6.28	5.66	5.35	5.77	5.90	6.06	6.22	7.14	7.60	8.17
 RicFlow:	6.11	5.46	5.49	6.23	6.19	6.42	6.48	5.87	7.70	8.13
 FlowSAC:	5.70	5.92	5.74	5.42	5.64	6.01	6.26	5.61	5.75	6.15
FlowSAC*:	5.83	5.91	5.78	5.28	5.63	5.65	6.16	5.69	6.07	5.93
0057 : ambush_5/frame_0031.png
 Matches:	24.70	30.20	34.60	37.04	39.04	40.31	41.21	41.92	42.62	42.92
 Outlier:	14.18	20.54	27.07	30.72	33.43	35.18	36.38	37.32	38.21	38.64
EpicFlow:	10.02	9.85	9.92	10.10	9.06	9.27	10.67	11.63	12.16	12.22
 RicFlow:	11.58	8.89	13.09	14.92	15.86	15.63	16.91	19.27	19.58	19.99
 FlowSAC:	11.01	10.81	10.24	10.21	17.49	17.81	20.44	19.30	19.17	19.65
FlowSAC*:	10.15	10.91	9.83	9.94	17.38	19.22	11.32	18.74	11.21	19.55
0058 : ambush_5/frame_0032.png
 Matches:	21.02	26.25	30.90	33.18	35.16	36.91	38.04	38.98	40.38	41.30
 Outlier:	14.47	22.16	30.26	34.13	37.20	39.47	41.04	42.32	43.95	45.10
EpicFlow:	10.12	11.12	14.52	13.98	13.77	14.00	14.05	14.53	14.83	15.19
 RicFlow:	12.03	13.82	14.66	14.49	14.61	14.72	14.71	14.97	14.65	15.55
 FlowSAC:	8.22	8.42	8.58	9.15	8.10	14.26	13.09	13.98	14.63	15.03
FlowSAC*:	8.27	8.36	8.60	9.12	9.01	13.89	14.14	13.59	14.58	14.72
0059 : ambush_5/frame_0033.png
 Matches:	19.45	24.40	29.88	33.25	36.24	38.26	39.72	40.81	42.54	43.74
 Outlier:	12.65	21.73	31.82	37.28	41.47	44.16	45.94	47.25	49.26	50.45
EpicFlow:	7.84	6.77	6.26	6.62	7.62	7.87	8.23	8.19	8.58	8.76
 RicFlow:	6.74	6.32	6.65	6.99	7.92	9.21	9.09	9.23	8.78	9.37
 FlowSAC:	7.34	7.43	6.46	7.39	6.84	6.84	7.11	7.48	6.65	7.66
FlowSAC*:	7.29	6.80	6.76	8.05	6.53	6.95	7.23	7.42	7.98	7.63
0060 : ambush_5/frame_0034.png
 Matches:	18.70	23.70	28.71	32.24	35.54	38.28	39.92	41.04	42.40	44.04
 Outlier:	13.70	21.59	30.91	36.99	41.64	45.26	47.30	48.58	49.97	51.50
EpicFlow:	7.49	9.47	6.70	6.63	6.61	6.91	7.10	7.15	7.07	7.48
 RicFlow:	7.48	7.05	6.68	6.79	7.20	7.02	7.77	7.65	8.26	8.29
 FlowSAC:	9.31	7.90	6.71	6.92	8.08	6.28	7.99	7.92	8.35	7.57
FlowSAC*:	8.97	8.58	7.74	8.92	8.01	6.88	8.78	7.57	6.22	7.63
0061 : ambush_5/frame_0035.png
 Matches:	19.26	24.11	28.52	31.47	34.26	36.99	38.91	40.44	42.30	43.84
 Outlier:	10.60	17.39	26.06	31.62	36.32	40.23	42.98	45.06	47.35	49.09
EpicFlow:	9.82	8.50	8.86	8.91	7.65	8.07	8.34	8.78	9.36	10.27
 RicFlow:	5.79	7.91	7.56	6.37	6.48	8.14	8.49	8.90	8.73	9.07
 FlowSAC:	20.79	12.15	13.92	18.43	12.07	13.43	7.46	11.87	11.68	11.64
FlowSAC*:	19.48	12.03	19.32	18.36	11.70	13.42	7.64	6.95	11.44	11.48
0062 : ambush_5/frame_0036.png
 Matches:	15.40	20.95	25.94	29.00	32.12	34.70	36.72	38.55	41.42	43.15
 Outlier:	17.53	25.26	34.00	39.04	43.84	47.51	50.10	52.22	55.34	57.00
EpicFlow:	8.11	6.89	7.07	7.17	7.82	7.85	8.33	8.58	9.28	10.89
 RicFlow:	6.86	9.44	8.66	8.70	9.00	9.05	9.45	9.66	10.00	10.56
 FlowSAC:	25.00	24.58	26.09	26.51	26.84	27.42	24.28	27.61	30.98	27.12
FlowSAC*:	24.94	21.63	25.71	26.48	26.61	27.41	25.11	27.55	31.01	27.13
0063 : ambush_5/frame_0037.png
 Matches:	15.24	20.85	25.56	28.16	30.70	33.22	35.08	36.64	38.51	39.85
 Outlier:	21.70	29.31	36.94	41.36	45.34	49.13	51.64	53.43	55.43	56.80
EpicFlow:	15.31	23.82	19.27	15.66	15.29	16.09	15.55	15.49	14.70	14.71
 RicFlow:	24.35	20.70	16.88	15.03	16.45	16.34	16.50	16.13	16.08	16.76
 FlowSAC:	11.14	10.17	7.72	10.20	11.14	11.88	9.46	12.13	9.33	12.13
FlowSAC*:	11.24	8.35	7.46	10.35	9.87	11.74	9.35	12.21	9.14	11.67
0064 : ambush_5/frame_0038.png
 Matches:	13.74	19.46	24.60	27.52	30.18	32.46	33.98	35.14	36.58	37.49
 Outlier:	24.93	34.26	42.80	47.46	51.35	54.28	56.14	57.46	58.94	59.83
EpicFlow:	17.14	21.46	24.93	23.38	21.43	19.73	20.15	20.24	20.23	20.00
 RicFlow:	22.89	16.24	15.39	15.59	16.10	17.04	17.47	16.67	17.18	18.14
 FlowSAC:	13.75	11.78	13.29	13.93	15.45	13.83	12.01	14.74	14.58	11.92
FlowSAC*:	13.64	11.76	13.23	13.93	13.07	13.91	11.86	14.13	14.35	11.78
0065 : ambush_5/frame_0039.png
 Matches:	14.93	20.90	26.38	29.79	32.66	35.08	36.50	37.52	38.58	39.25
 Outlier:	25.35	35.15	44.02	48.98	52.66	55.46	57.06	58.13	59.07	59.72
EpicFlow:	12.20	19.06	18.75	20.47	22.35	23.41	24.20	24.73	24.20	24.23
 RicFlow:	17.24	17.73	17.53	17.53	17.56	17.18	18.22	19.38	18.58	18.52
 FlowSAC:	15.02	12.70	12.18	12.92	12.27	12.76	12.73	12.98	18.31	12.46
FlowSAC*:	14.84	12.56	12.13	13.01	12.28	12.59	12.74	12.97	18.80	12.74
0066 : ambush_5/frame_0040.png
 Matches:	18.45	24.89	30.51	34.14	37.24	39.44	40.60	41.43	42.32	43.08
 Outlier:	23.33	32.94	41.23	45.90	49.60	52.07	53.35	54.16	55.02	55.66
EpicFlow:	16.53	15.20	13.60	14.00	14.32	14.41	14.43	14.39	13.87	13.99
 RicFlow:	10.92	11.51	12.15	12.02	12.42	12.45	12.50	12.46	12.63	12.69
 FlowSAC:	9.84	9.26	9.60	9.47	9.33	9.31	9.54	10.07	10.28	9.84
FlowSAC*:	9.64	9.23	9.23	8.97	9.41	9.74	9.57	9.21	9.71	9.86
0067 : ambush_5/frame_0041.png
 Matches:	21.84	28.24	33.56	36.71	39.31	41.16	42.42	43.44	44.82	45.75
 Outlier:	19.29	28.36	36.12	40.59	43.99	46.31	47.83	48.94	50.42	51.32
EpicFlow:	7.01	9.05	8.99	8.88	9.18	9.22	8.91	8.96	9.47	9.64
 RicFlow:	8.55	7.98	8.51	8.55	8.66	8.74	9.11	9.13	9.34	9.79
 FlowSAC:	7.59	7.41	7.81	7.59	7.40	7.03	7.21	7.32	7.08	6.88
FlowSAC*:	7.48	7.40	7.13	6.50	6.93	6.98	7.20	6.81	6.96	7.02
0068 : ambush_5/frame_0042.png
 Matches:	25.06	31.54	36.67	39.66	42.05	43.88	45.07	45.88	46.84	47.38
 Outlier:	16.27	24.07	31.34	35.32	38.37	40.65	42.05	42.89	43.85	44.37
EpicFlow:	4.51	6.77	6.46	6.44	6.21	6.19	6.19	6.41	6.36	6.27
 RicFlow:	5.14	5.75	6.18	6.23	6.27	6.39	6.40	6.33	6.60	6.79
 FlowSAC:	4.70	4.64	4.91	5.33	5.37	4.59	4.25	5.74	4.95	4.40
FlowSAC*:	4.56	4.46	5.06	5.04	5.38	4.73	4.27	4.00	4.82	4.46
0069 : ambush_5/frame_0043.png
 Matches:	21.44	26.28	30.50	33.17	35.65	37.70	39.19	40.38	42.35	43.60
 Outlier:	11.02	19.19	27.25	32.13	36.41	39.51	41.59	43.08	45.49	46.88
EpicFlow:	5.18	6.19	8.61	8.07	8.34	8.51	8.87	8.97	9.29	9.26
 RicFlow:	5.14	5.36	5.90	6.28	6.66	7.20	7.26	8.06	8.63	8.94
 FlowSAC:	6.40	5.89	5.54	5.89	5.66	6.51	5.46	5.86	6.52	7.16
FlowSAC*:	6.42	5.54	5.95	5.86	5.34	5.56	5.63	6.21	6.58	7.25
0070 : ambush_5/frame_0044.png
 Matches:	20.55	24.52	27.83	30.07	32.22	33.97	35.38	36.46	37.81	38.81
 Outlier:	8.89	15.97	23.31	28.29	32.48	35.58	37.99	39.65	41.64	43.05
EpicFlow:	27.64	18.65	20.38	20.59	24.82	27.01	21.10	22.15	21.85	22.36
 RicFlow:	11.92	15.85	15.73	16.27	17.13	17.81	18.31	18.83	19.11	19.97
 FlowSAC:	11.69	18.58	18.16	17.84	15.89	17.74	19.44	20.79	17.73	17.64
FlowSAC*:	11.69	18.77	17.31	17.92	15.99	17.54	19.87	18.05	18.31	20.25
0071 : ambush_5/frame_0045.png
 Matches:	21.78	26.10	29.90	32.23	34.12	35.61	36.58	37.32	38.33	39.23
 Outlier:	8.62	15.68	23.04	27.61	31.17	33.79	35.45	36.65	38.17	39.46
EpicFlow:	15.98	19.54	21.51	25.81	25.46	25.98	43.23	44.50	43.22	42.15
 RicFlow:	18.19	18.13	19.31	20.46	22.37	25.93	35.70	36.03	38.00	37.19
 FlowSAC:	17.05	16.88	19.34	16.87	15.86	17.22	16.08	21.08	20.18	23.58
FlowSAC*:	16.18	16.66	17.20	17.18	16.04	17.21	16.39	20.46	20.00	22.95
0072 : ambush_5/frame_0046.png
 Matches:	20.73	24.24	27.78	30.16	32.36	34.22	35.54	36.62	37.88	39.03
 Outlier:	9.33	15.91	23.83	28.72	33.08	36.47	38.66	40.36	42.28	43.95
EpicFlow:	9.32	9.01	9.01	9.12	10.34	10.96	10.79	11.06	15.39	15.77
 RicFlow:	10.21	9.88	13.83	13.93	19.56	18.97	19.16	18.47	17.45	16.70
 FlowSAC:	10.39	9.58	9.53	9.66	9.92	12.05	10.11	10.62	10.44	10.19
FlowSAC*:	10.17	9.97	9.53	9.45	9.89	12.61	10.12	10.22	10.41	10.34
0073 : ambush_5/frame_0047.png
 Matches:	13.33	18.11	22.08	24.72	27.23	29.37	30.72	31.73	33.22	34.45
 Outlier:	19.48	26.69	35.70	41.64	46.61	50.24	52.28	53.74	55.68	57.17
EpicFlow:	24.38	17.54	15.25	14.74	14.81	15.17	14.68	15.32	15.45	20.09
 RicFlow:	23.38	15.02	15.70	17.14	20.53	21.17	21.16	21.57	22.80	23.09
 FlowSAC:	25.01	25.53	19.31	19.72	25.06	19.19	18.22	23.88	21.46	21.69
FlowSAC*:	24.94	18.48	19.30	19.70	25.57	18.99	17.68	24.07	21.47	21.44
0074 : ambush_5/frame_0048.png
 Matches:	9.20	14.44	19.57	22.97	26.31	29.22	31.24	32.68	34.81	36.02
 Outlier:	28.86	40.29	51.34	57.26	62.24	65.84	67.92	69.28	71.04	71.97
EpicFlow:	43.13	43.94	40.82	35.07	36.92	47.70	48.19	50.99	49.68	48.35
 RicFlow:	43.94	39.94	42.99	45.73	48.02	47.69	48.07	47.57	50.35	52.84
 FlowSAC:	42.92	39.16	33.95	47.67	32.71	32.41	36.15	40.50	34.90	44.16
FlowSAC*:	42.93	39.12	34.82	34.12	32.56	32.45	36.25	40.85	34.43	36.80
0075 : ambush_5/frame_0049.png
 Matches:	11.34	16.75	21.55	24.47	26.96	29.27	30.78	31.99	34.33	35.85
 Outlier:	21.97	31.36	40.84	46.62	50.96	54.31	56.27	57.74	60.28	61.87
EpicFlow:	17.50	18.02	13.94	15.79	17.80	17.11	16.89	17.12	16.41	17.28
 RicFlow:	22.39	19.76	18.37	19.09	19.40	18.88	19.90	20.03	19.43	20.23
 FlowSAC:	16.30	15.24	17.99	17.66	20.88	17.74	15.49	20.30	17.66	15.41
FlowSAC*:	16.29	15.23	17.22	17.34	20.27	16.59	15.69	14.47	15.31	15.05
0076 : ambush_6/frame_0001.png
 Matches:	21.42	28.43	32.75	34.96	36.97	39.14	40.78	42.03	43.89	45.05
 Outlier:	14.34	20.40	26.64	30.27	33.23	36.16	38.10	39.43	41.42	42.62
EpicFlow:	4.32	4.73	5.02	5.30	5.47	5.75	5.85	5.97	6.18	6.34
 RicFlow:	6.39	7.89	8.10	8.27	8.28	8.66	8.70	8.83	9.07	9.26
 FlowSAC:	4.46	3.84	6.69	3.53	3.47	3.62	6.43	5.91	3.42	3.27
FlowSAC*:	4.49	3.69	4.18	3.64	3.44	3.62	3.76	3.64	3.32	3.25
0077 : ambush_6/frame_0002.png
 Matches:	19.32	26.23	30.31	32.53	34.67	36.53	37.91	39.23	41.35	42.66
 Outlier:	16.59	22.52	28.97	32.83	36.23	38.89	40.64	42.15	44.57	46.12
EpicFlow:	4.51	4.69	5.51	5.97	6.50	7.71	8.83	9.06	8.97	9.85
 RicFlow:	5.70	6.21	6.94	8.09	8.10	8.60	8.98	10.04	11.23	12.28
 FlowSAC:	6.11	6.02	5.79	6.33	4.60	6.13	4.63	6.29	5.81	4.43
FlowSAC*:	6.73	4.61	4.26	6.06	6.54	4.20	4.64	6.22	4.42	4.45
0078 : ambush_6/frame_0003.png
 Matches:	16.97	23.02	27.29	29.77	31.90	33.73	35.16	36.44	38.32	39.74
 Outlier:	17.84	24.47	31.99	36.50	40.07	42.73	44.53	46.06	48.26	49.83
EpicFlow:	5.32	5.64	5.85	6.67	7.40	7.89	9.55	9.02	9.61	9.88
 RicFlow:	6.63	7.28	8.38	9.22	9.38	9.46	12.07	13.82	11.95	11.44
 FlowSAC:	3.92	5.27	5.17	3.34	5.00	4.98	4.38	4.02	4.44	4.82
FlowSAC*:	3.97	5.08	4.95	4.04	5.29	4.99	4.42	4.05	3.74	3.77
0079 : ambush_6/frame_0004.png
 Matches:	16.28	22.15	26.30	28.75	31.15	33.34	35.04	36.50	38.46	39.72
 Outlier:	21.38	28.43	35.76	40.18	44.02	47.17	49.40	51.22	53.53	54.99
EpicFlow:	7.41	7.10	7.41	7.62	7.81	8.09	8.38	8.66	9.35	9.29
 RicFlow:	9.69	10.93	11.87	11.86	12.96	13.10	13.01	13.50	14.54	14.64
 FlowSAC:	4.89	6.16	5.31	7.55	6.49	6.41	7.40	8.15	7.43	6.47
FlowSAC*:	5.51	5.80	5.70	5.59	6.41	5.84	6.04	7.83	7.49	6.82
0080 : ambush_6/frame_0005.png
 Matches:	15.41	20.43	24.61	27.45	30.39	33.20	35.47	37.47	39.45	40.65
 Outlier:	22.82	30.15	38.46	43.49	48.15	51.92	54.76	56.94	58.72	59.78
EpicFlow:	4.21	4.87	5.31	5.39	5.51	5.78	6.04	6.18	6.45	6.86
 RicFlow:	9.42	10.00	14.22	14.24	14.42	13.63	13.90	13.88	13.13	13.26
 FlowSAC:	8.75	8.12	8.93	3.96	6.29	7.85	4.75	8.47	7.11	6.87
FlowSAC*:	9.24	8.64	8.64	4.02	7.41	7.91	4.52	8.34	6.93	6.74
0081 : ambush_6/frame_0006.png
 Matches:	16.56	22.39	27.58	30.94	34.20	37.40	39.55	41.11	43.10	44.29
 Outlier:	26.21	34.24	43.31	48.37	52.50	55.96	57.97	59.17	60.60	61.56
EpicFlow:	4.25	4.67	4.58	4.68	5.58	7.98	8.29	8.54	8.67	9.26
 RicFlow:	7.10	8.31	8.13	8.22	8.25	8.50	8.82	9.06	9.23	9.48
 FlowSAC:	5.87	6.37	6.47	7.72	6.52	6.55	8.00	8.37	7.65	6.73
FlowSAC*:	5.96	6.45	6.79	7.89	6.14	6.44	8.00	9.73	7.16	6.86
0082 : ambush_6/frame_0007.png
 Matches:	19.02	24.56	29.47	33.01	36.48	39.17	40.67	41.97	43.92	44.81
 Outlier:	28.95	36.64	44.10	48.38	52.04	54.40	55.73	56.77	58.39	59.05
EpicFlow:	8.93	6.10	6.19	6.54	6.51	6.75	6.94	7.30	10.74	10.77
 RicFlow:	5.70	6.20	6.63	7.04	7.18	7.59	7.83	8.14	8.63	8.89
 FlowSAC:	4.84	4.82	5.06	5.13	4.84	5.16	4.98	5.05	5.15	5.00
FlowSAC*:	4.97	4.74	5.29	5.12	5.40	5.27	4.93	5.68	5.22	5.39
0083 : ambush_6/frame_0008.png
 Matches:	18.74	24.64	29.83	33.69	37.16	40.05	41.79	43.06	44.74	45.38
 Outlier:	26.52	33.91	41.33	46.32	50.17	52.94	54.40	55.42	56.88	57.32
EpicFlow:	7.71	8.23	8.20	8.85	8.87	8.51	8.46	8.49	8.92	9.00
 RicFlow:	6.01	5.99	6.22	6.35	6.57	7.02	7.37	7.55	7.85	7.99
 FlowSAC:	5.39	4.88	5.60	5.43	5.22	5.32	4.91	5.39	5.23	5.38
FlowSAC*:	5.44	4.90	5.27	5.76	5.32	5.24	4.90	5.26	5.23	5.48
0084 : ambush_6/frame_0009.png
 Matches:	17.32	23.08	28.95	32.57	36.06	38.88	40.80	42.13	44.33	45.35
 Outlier:	27.96	35.21	43.89	48.57	52.19	54.91	56.56	57.69	59.09	59.57
EpicFlow:	7.48	9.26	9.32	9.75	10.05	10.31	10.55	10.58	10.53	10.38
 RicFlow:	5.85	6.22	6.87	6.98	7.52	7.80	7.84	8.08	8.83	8.49
 FlowSAC:	5.18	4.62	5.43	4.86	4.54	4.58	4.19	5.26	5.07	4.67
FlowSAC*:	4.93	4.37	4.11	4.75	4.21	4.48	4.09	5.10	5.09	4.51
0085 : ambush_6/frame_0010.png
 Matches:	13.33	19.01	24.13	27.54	30.95	33.94	36.27	37.84	39.99	41.46
 Outlier:	29.69	39.46	47.68	52.54	56.53	59.41	61.40	62.72	64.29	64.97
EpicFlow:	9.75	9.69	9.21	9.41	9.90	10.70	11.10	11.02	11.27	11.00
 RicFlow:	8.42	8.40	8.37	8.74	8.77	9.81	10.09	10.42	10.76	10.41
 FlowSAC:	7.29	7.91	7.61	7.60	7.94	7.32	6.85	7.56	8.03	8.09
FlowSAC*:	7.28	7.93	7.80	7.66	8.06	7.30	7.00	7.51	7.91	7.96
0086 : ambush_6/frame_0011.png
 Matches:	12.72	17.69	22.20	25.19	28.50	32.24	34.74	36.68	39.61	41.28
 Outlier:	29.22	37.49	46.01	50.99	55.42	59.57	61.90	63.61	65.24	66.38
EpicFlow:	9.04	9.72	10.36	10.96	11.47	12.20	11.70	11.97	12.70	13.00
 RicFlow:	8.68	9.39	10.50	10.85	10.93	11.69	11.60	13.47	11.98	12.63
 FlowSAC:	7.78	8.61	8.46	8.87	8.52	9.06	9.97	10.07	9.25	9.13
FlowSAC*:	7.79	8.63	8.20	9.14	8.43	9.26	10.07	10.12	9.53	9.48
0087 : ambush_6/frame_0012.png
 Matches:	14.63	20.23	24.47	27.41	30.33	33.15	35.55	37.22	39.57	40.98
 Outlier:	20.48	27.71	36.13	41.49	46.13	49.94	52.87	54.57	56.84	58.02
EpicFlow:	9.76	10.94	10.02	10.70	11.39	11.11	11.30	11.06	11.64	11.87
 RicFlow:	10.60	10.65	11.90	10.92	11.58	11.82	11.89	12.25	12.51	13.08
 FlowSAC:	7.86	8.44	7.99	7.97	8.03	9.17	8.86	8.74	8.21	9.05
FlowSAC*:	7.38	8.45	8.77	8.08	7.19	9.08	9.21	8.28	8.13	8.76
0088 : ambush_6/frame_0013.png
 Matches:	14.03	21.35	26.81	29.95	33.12	35.98	37.91	39.38	41.33	42.79
 Outlier:	24.27	31.55	39.76	44.48	48.16	51.21	53.26	54.76	56.57	57.99
EpicFlow:	9.71	7.22	7.73	8.20	8.37	8.48	8.48	8.50	8.65	8.85
 RicFlow:	12.12	9.65	7.69	9.05	9.48	9.69	10.26	10.64	10.88	11.23
 FlowSAC:	9.23	6.22	5.94	8.44	7.91	7.83	8.48	8.18	8.16	8.09
FlowSAC*:	9.22	6.18	6.32	7.66	6.38	6.65	8.52	7.44	8.06	8.30
0089 : ambush_6/frame_0014.png
 Matches:	9.87	14.77	18.58	21.04	23.52	26.20	28.13	29.70	32.42	34.30
 Outlier:	19.42	27.58	36.96	42.63	47.52	51.89	54.67	56.59	59.02	60.85
EpicFlow:	24.92	34.07	27.07	19.00	25.86	22.57	22.35	22.22	26.10	28.14
 RicFlow:	24.64	18.14	26.99	25.26	30.44	32.93	31.26	29.96	30.58	30.51
 FlowSAC:	22.08	16.34	20.63	32.49	18.62	31.05	33.11	32.78	26.60	19.18
FlowSAC*:	20.92	17.30	21.87	30.53	29.09	34.57	33.10	30.31	26.70	25.74
0090 : ambush_6/frame_0015.png
 Matches:	10.42	14.14	16.65	18.30	20.00	21.56	23.04	24.45	26.62	28.16
 Outlier:	11.35	18.55	27.07	33.00	38.33	42.56	45.92	48.80	52.66	55.00
EpicFlow:	74.61	73.68	60.64	62.68	74.44	78.58	80.25	79.36	78.87	78.23
 RicFlow:	70.32	61.59	71.49	74.01	83.71	78.98	79.68	79.75	79.41	77.67
 FlowSAC:	49.41	50.41	50.95	50.89	67.52	67.66	46.45	62.42	59.18	64.74
FlowSAC*:	49.45	53.63	51.37	50.18	67.05	52.15	46.62	61.17	58.77	60.78
0091 : ambush_6/frame_0016.png
 Matches:	16.43	20.96	23.75	25.50	27.30	29.11	30.60	31.93	34.62	36.70
 Outlier:	10.41	17.05	23.86	28.48	32.78	36.65	39.53	41.90	46.17	48.96
EpicFlow:	26.76	27.96	24.00	23.77	22.88	23.23	23.88	24.45	26.40	26.79
 RicFlow:	26.31	27.41	25.70	27.43	27.55	28.69	28.49	30.68	32.45	32.72
 FlowSAC:	17.20	15.68	16.85	15.25	13.38	14.32	18.73	16.44	25.61	20.27
FlowSAC*:	17.11	15.72	15.93	15.06	13.26	14.20	15.69	17.84	25.35	20.02
0092 : ambush_6/frame_0017.png
 Matches:	21.43	26.93	30.12	31.80	33.43	34.48	35.07	35.68	36.65	37.32
 Outlier:	7.50	13.74	19.88	23.44	26.69	28.67	29.70	30.75	32.41	33.57
EpicFlow:	8.41	8.00	8.95	8.42	8.79	9.20	9.61	9.60	10.10	11.82
 RicFlow:	11.63	8.55	8.77	9.61	8.73	9.26	9.68	9.72	11.17	11.17
 FlowSAC:	10.42	9.86	9.17	8.81	8.66	8.74	8.60	8.65	9.50	8.84
FlowSAC*:	10.34	9.50	8.84	8.65	8.75	8.45	8.55	8.36	9.21	8.52
0093 : ambush_6/frame_0018.png
 Matches:	21.62	27.51	30.84	32.61	34.11	35.38	36.43	37.19	38.41	39.25
 Outlier:	8.73	14.13	20.12	23.69	26.52	28.89	30.75	32.03	34.01	35.38
EpicFlow:	5.79	6.89	7.07	7.67	7.69	7.79	7.52	7.39	7.56	7.91
 RicFlow:	5.46	6.21	6.98	7.26	8.10	10.05	9.98	10.11	10.14	10.28
 FlowSAC:	12.59	14.75	14.22	13.34	13.12	11.81	12.15	12.10	11.57	12.77
FlowSAC*:	12.55	14.73	14.14	12.58	12.69	11.81	7.06	11.98	11.57	12.59
0094 : ambush_6/frame_0019.png
 Matches:	23.78	29.52	32.50	33.99	35.45	36.77	37.67	38.41	39.48	40.29
 Outlier:	6.44	11.50	16.63	19.54	22.42	24.83	26.41	27.70	29.49	30.78
EpicFlow:	7.42	4.87	5.51	5.52	5.40	5.40	5.23	5.38	5.01	4.95
 RicFlow:	5.88	4.88	5.34	5.37	6.14	6.46	6.99	6.91	6.62	7.23
 FlowSAC:	7.22	6.94	5.18	5.14	5.39	5.42	5.18	4.86	4.97	5.70
FlowSAC*:	6.56	7.03	5.50	5.32	5.09	5.22	5.79	5.90	4.70	5.14
0095 : ambush_7/frame_0041.png
 Matches:	28.80	36.19	40.43	41.82	42.53	42.88	43.08	43.29	43.82	44.17
 Outlier:	8.06	13.38	18.35	20.34	21.39	21.96	22.24	22.58	23.46	24.04
EpicFlow:	5.76	5.92	6.15	6.21	6.12	6.11	6.07	6.20	6.50	6.69
 RicFlow:	5.48	5.65	5.85	5.70	5.06	5.29	5.18	5.35	5.54	5.63
 FlowSAC:	5.71	5.75	5.76	5.49	5.99	5.64	5.76	5.43	5.45	5.82
FlowSAC*:	5.38	5.42	5.53	5.66	5.87	5.30	5.52	5.40	5.82	5.65
0096 : ambush_7/frame_0042.png
 Matches:	29.36	36.59	40.66	42.03	42.80	43.10	43.33	43.60	43.84	44.03
 Outlier:	6.74	11.55	16.09	18.11	19.35	19.82	20.23	20.72	21.12	21.44
EpicFlow:	2.98	3.15	3.30	3.40	3.68	3.83	3.94	4.27	4.59	4.77
 RicFlow:	2.89	3.19	3.37	3.46	3.51	3.81	4.19	5.01	5.03	4.78
 FlowSAC:	2.85	2.91	2.97	2.90	2.90	2.96	2.97	3.25	3.21	3.37
FlowSAC*:	2.89	3.02	3.03	2.89	2.97	3.04	2.96	3.35	3.24	3.42
0097 : bamboo_2/frame_0046.png
 Matches:	40.93	42.37	43.34	43.84	44.27	44.60	44.90	45.12	45.53	45.75
 Outlier:	3.43	5.29	6.85	7.74	8.55	9.19	9.78	10.21	10.91	11.27
EpicFlow:	3.20	3.12	3.11	3.13	3.20	3.53	3.73	3.89	4.01	4.03
 RicFlow:	3.40	3.61	3.57	3.87	3.93	4.01	4.01	4.44	4.86	4.54
 FlowSAC:	3.21	3.15	3.08	3.15	3.15	3.18	3.20	3.03	3.08	3.14
FlowSAC*:	3.22	3.16	3.08	3.16	3.13	3.18	3.03	3.01	3.02	3.63
0098 : bamboo_2/frame_0047.png
 Matches:	40.42	41.87	42.79	43.31	43.69	44.01	44.23	44.45	44.80	45.17
 Outlier:	3.58	5.44	6.87	7.79	8.47	9.09	9.50	9.90	10.55	11.22
EpicFlow:	4.03	4.21	4.28	4.30	4.32	4.37	4.50	4.59	4.70	4.83
 RicFlow:	4.21	4.33	4.45	4.42	4.35	4.54	4.84	4.93	4.95	5.10
 FlowSAC:	3.69	4.05	3.91	3.99	4.07	4.09	4.21	4.43	4.56	4.44
FlowSAC*:	3.81	4.04	3.92	4.09	4.16	4.12	4.15	4.42	4.60	4.52
0099 : cave_2/frame_0015.png
 Matches:	30.29	34.89	36.97	38.00	38.96	39.90	40.74	41.35	42.40	43.66
 Outlier:	6.22	9.58	12.84	14.75	16.45	18.18	19.72	20.80	22.29	24.22
EpicFlow:	3.97	4.16	4.05	4.57	5.28	5.52	5.86	6.06	6.61	6.68
 RicFlow:	4.69	4.79	4.63	4.54	4.63	4.75	4.79	4.80	5.06	5.21
 FlowSAC:	4.67	4.09	4.54	4.15	4.85	4.36	5.06	5.41	4.67	4.40
FlowSAC*:	4.35	4.10	4.20	3.77	4.02	4.26	4.14	4.40	4.30	4.08
0100 : cave_2/frame_0018.png
 Matches:	28.52	34.11	36.70	37.67	38.41	39.03	39.61	40.06	41.24	42.22
 Outlier:	8.90	12.36	15.49	17.09	18.23	19.36	20.41	21.14	23.14	24.62
EpicFlow:	3.76	3.72	3.81	4.59	4.94	5.14	5.20	5.50	5.86	6.27
 RicFlow:	4.30	4.43	4.49	4.46	4.49	4.52	4.55	4.44	4.68	5.00
 FlowSAC:	4.04	3.64	3.90	3.96	4.08	3.97	4.04	4.04	3.98	3.91
FlowSAC*:	4.13	3.65	3.78	3.90	3.93	3.91	3.83	3.78	3.77	3.70
0101 : cave_2/frame_0019.png
 Matches:	27.77	33.01	35.34	36.33	37.14	37.82	38.36	38.97	39.86	40.76
 Outlier:	8.61	12.04	15.41	17.17	18.63	19.97	21.00	22.11	23.69	25.31
EpicFlow:	4.11	4.54	4.52	5.32	5.28	5.58	5.94	6.89	7.47	8.56
 RicFlow:	4.66	4.64	4.68	4.64	5.04	5.02	5.05	5.09	5.32	5.97
 FlowSAC:	4.04	3.97	4.14	4.10	3.93	4.09	4.07	4.06	4.69	4.11
FlowSAC*:	4.16	3.94	4.22	4.01	3.98	4.11	4.10	4.05	4.02	4.07
0102 : cave_2/frame_0020.png
 Matches:	27.18	32.63	35.42	36.48	37.28	38.08	38.74	39.17	40.05	41.12
 Outlier:	9.50	13.32	17.01	18.83	20.30	21.78	22.94	23.72	25.30	26.99
EpicFlow:	7.19	6.52	7.61	7.10	6.21	6.65	6.91	7.52	7.97	8.50
 RicFlow:	7.58	7.73	7.32	7.27	6.81	6.60	6.14	6.87	6.73	6.93
 FlowSAC:	8.19	8.18	7.77	6.92	7.53	8.02	7.55	7.08	7.45	8.11
FlowSAC*:	8.29	8.13	7.77	7.58	7.56	7.98	7.59	6.78	6.74	7.49
0103 : cave_2/frame_0021.png
 Matches:	26.47	32.37	35.58	36.82	37.78	38.45	38.89	39.26	39.91	40.72
 Outlier:	8.54	12.45	16.86	19.02	20.86	22.12	22.93	23.60	24.71	26.06
EpicFlow:	8.41	8.36	8.23	14.53	10.76	11.30	11.32	11.07	11.21	11.79
 RicFlow:	9.06	8.94	9.62	9.70	9.83	10.16	10.17	10.34	10.39	10.58
 FlowSAC:	8.58	7.83	8.37	13.79	10.61	14.48	14.67	10.63	10.37	10.40
FlowSAC*:	8.61	7.92	8.35	14.82	10.54	10.79	14.78	10.95	10.78	10.65
0104 : cave_2/frame_0022.png
 Matches:	23.36	28.44	31.38	32.69	33.74	34.58	35.23	35.73	36.71	37.73
 Outlier:	7.34	11.27	15.86	18.63	20.86	22.64	23.96	24.93	26.85	28.58
EpicFlow:	12.12	11.30	10.76	9.99	10.09	10.97	11.47	18.63	20.12	19.71
 RicFlow:	14.28	11.27	11.46	11.60	11.45	11.95	13.44	12.70	16.73	16.80
 FlowSAC:	14.12	10.33	10.20	10.27	9.99	9.71	10.09	9.90	9.97	9.16
FlowSAC*:	14.50	10.01	9.81	9.89	10.38	9.61	10.15	9.44	9.70	9.77
0105 : cave_2/frame_0023.png
 Matches:	18.74	22.78	25.19	26.42	27.34	28.37	29.07	29.67	30.85	32.04
 Outlier:	8.54	13.02	17.99	21.15	23.61	26.16	27.76	29.17	31.74	34.22
EpicFlow:	37.31	40.97	39.02	35.50	35.34	36.07	35.83	32.77	31.61	35.77
 RicFlow:	33.00	33.76	33.44	30.24	30.89	31.14	31.17	31.55	32.73	33.07
 FlowSAC:	36.43	34.87	35.97	37.09	36.13	28.29	25.68	26.93	24.84	24.99
FlowSAC*:	43.49	34.55	36.08	36.34	35.80	30.33	26.04	26.29	25.08	26.01
0106 : cave_2/frame_0024.png
 Matches:	17.79	21.27	23.48	24.80	26.09	27.29	28.17	28.71	29.49	30.36
 Outlier:	9.14	13.64	18.91	22.43	25.74	28.55	30.25	31.41	33.11	34.94
EpicFlow:	36.41	30.65	25.22	25.28	28.40	34.51	36.57	36.10	38.16	38.62
 RicFlow:	29.73	27.58	29.15	25.95	26.08	31.98	31.86	35.64	36.17	37.19
 FlowSAC:	31.57	32.76	30.00	30.27	27.49	27.33	26.03	27.47	26.19	26.50
FlowSAC*:	32.05	30.67	27.27	30.16	28.07	25.76	24.42	25.88	23.12	26.77
0107 : cave_2/frame_0025.png
 Matches:	19.64	23.54	25.54	26.44	27.16	27.66	28.11	28.53	29.35	29.89
 Outlier:	7.23	10.72	14.76	16.86	18.68	19.97	21.14	22.19	24.21	25.41
EpicFlow:	41.76	42.16	53.88	60.11	64.48	61.40	63.79	49.67	43.50	43.96
 RicFlow:	44.67	39.69	40.34	40.77	42.05	42.10	41.66	47.35	47.85	47.03
 FlowSAC:	42.48	40.89	40.87	40.41	40.61	44.15	45.12	41.17	39.04	44.49
FlowSAC*:	42.28	40.91	41.13	40.16	40.87	41.22	43.71	40.96	39.03	37.39
0108 : cave_2/frame_0026.png
 Matches:	22.86	28.20	31.12	32.31	33.13	33.96	34.69	35.16	36.02	36.78
 Outlier:	9.68	13.83	18.23	20.38	21.85	23.41	24.70	25.52	27.08	28.45
EpicFlow:	18.47	18.20	15.83	19.11	15.39	15.62	16.84	16.35	25.00	24.76
 RicFlow:	17.03	14.82	18.69	16.42	21.25	20.70	23.55	23.97	22.88	31.08
 FlowSAC:	17.25	16.72	14.01	17.28	15.78	15.06	14.61	16.29	15.35	19.93
FlowSAC*:	17.40	17.01	13.97	17.39	15.28	15.13	14.35	15.33	15.68	20.00
0109 : cave_2/frame_0027.png
 Matches:	24.16	30.69	34.17	35.46	36.47	37.13	37.60	37.96	38.42	38.81
 Outlier:	11.24	15.96	20.45	22.60	24.43	25.60	26.41	27.06	27.85	28.56
EpicFlow:	7.50	7.84	25.26	27.89	29.38	30.91	30.94	31.76	31.54	31.43
 RicFlow:	7.57	7.71	7.99	8.13	8.37	8.39	8.53	8.85	9.60	9.96
 FlowSAC:	7.07	7.59	6.91	7.46	7.14	8.06	7.11	7.27	7.49	7.64
FlowSAC*:	7.06	7.13	6.93	7.40	7.09	7.42	7.09	7.38	7.15	7.14
0110 : cave_2/frame_0028.png
 Matches:	24.70	31.36	34.58	35.78	36.56	37.27	37.85	38.31	38.98	39.69
 Outlier:	11.30	15.78	20.08	22.19	23.65	24.97	26.02	26.85	28.07	29.21
EpicFlow:	8.01	8.50	9.34	19.32	20.62	21.22	21.72	21.04	20.00	19.78
 RicFlow:	7.33	8.23	8.93	9.07	9.20	9.35	9.51	10.11	10.51	11.92
 FlowSAC:	6.11	8.13	9.47	9.05	9.77	10.01	9.02	10.13	9.71	9.86
FlowSAC*:	6.19	8.18	9.16	9.31	9.09	9.52	9.60	9.60	9.70	9.55
0111 : cave_2/frame_0029.png
 Matches:	24.81	30.67	33.56	34.72	35.55	36.24	36.86	37.40	38.16	38.79
 Outlier:	10.43	14.55	18.57	20.69	22.28	23.61	24.81	25.84	27.15	28.13
EpicFlow:	13.27	12.78	12.86	12.30	12.50	13.84	14.90	15.37	15.31	16.97
 RicFlow:	10.99	10.52	10.34	10.18	11.05	11.48	10.81	11.69	11.01	13.97
 FlowSAC:	13.28	13.16	11.98	8.62	12.40	11.75	12.89	12.05	12.01	12.49
FlowSAC*:	13.55	13.20	12.16	8.70	12.33	11.86	13.06	12.45	12.03	11.88
0112 : cave_2/frame_0030.png
 Matches:	24.84	29.74	31.72	32.38	32.74	32.99	33.15	33.26	33.80	34.30
 Outlier:	8.03	11.17	13.94	15.29	16.12	16.74	17.11	17.35	18.60	19.76
EpicFlow:	19.09	18.90	19.01	19.14	23.98	24.12	24.35	24.30	23.23	34.33
 RicFlow:	18.79	21.69	22.09	22.77	22.79	22.98	22.84	22.96	21.26	32.04
 FlowSAC:	18.47	18.10	18.72	18.82	18.65	18.49	24.42	19.06	22.09	19.03
FlowSAC*:	18.52	18.14	18.39	18.16	18.35	18.62	19.54	18.17	28.38	28.62
0113 : cave_2/frame_0031.png
 Matches:	21.09	25.50	27.58	28.46	28.99	29.41	29.84	30.32	30.93	31.67
 Outlier:	7.58	11.28	14.91	16.94	18.33	19.42	20.53	21.70	23.15	24.89
EpicFlow:	14.07	15.45	30.10	26.78	26.95	28.42	22.26	26.56	28.78	29.21
 RicFlow:	13.83	14.61	16.64	27.79	27.25	36.64	32.58	31.09	31.29	35.96
 FlowSAC:	13.59	13.38	14.02	18.09	24.68	23.55	21.19	21.78	21.36	21.01
FlowSAC*:	13.84	13.29	26.60	25.19	22.18	23.25	21.68	21.98	21.33	20.37
0114 : cave_2/frame_0032.png
 Matches:	14.88	18.03	19.76	20.62	21.36	21.98	22.51	22.99	24.05	24.84
 Outlier:	11.42	16.37	20.85	23.52	25.82	27.84	29.47	30.85	33.66	35.57
EpicFlow:	29.06	27.19	29.03	30.76	37.69	52.08	57.91	56.42	51.23	54.07
 RicFlow:	24.73	31.71	32.70	31.35	36.95	44.74	45.57	44.22	47.31	46.41
 FlowSAC:	29.29	29.22	31.14	28.13	33.10	28.16	31.13	31.47	33.08	32.17
FlowSAC*:	29.43	25.25	24.92	23.47	29.58	28.50	30.49	31.13	34.07	29.88
0115 : cave_2/frame_0033.png
 Matches:	15.27	19.06	21.25	22.47	23.67	24.90	25.79	26.54	27.91	29.09
 Outlier:	17.22	23.03	28.37	31.53	34.55	37.36	39.41	41.06	43.83	45.93
EpicFlow:	23.76	22.95	33.63	31.67	31.82	31.59	33.09	33.60	34.77	36.05
 RicFlow:	32.20	28.25	27.94	26.78	31.18	29.93	32.97	33.19	32.94	35.32
 FlowSAC:	24.34	18.44	22.97	19.80	21.96	20.68	27.19	20.24	19.85	25.56
FlowSAC*:	24.05	18.47	22.98	23.52	21.60	20.19	22.72	20.54	19.92	26.91
0116 : cave_2/frame_0034.png
 Matches:	19.63	25.00	28.47	30.23	31.82	33.15	34.17	34.99	36.54	37.63
 Outlier:	17.62	23.81	29.43	32.51	35.35	37.66	39.38	40.69	42.97	44.49
EpicFlow:	9.08	9.43	9.98	11.23	11.24	9.86	10.13	10.21	10.70	10.98
 RicFlow:	8.90	11.43	11.84	11.89	12.32	11.06	11.13	11.43	11.38	11.68
 FlowSAC:	7.87	6.51	7.40	6.87	7.71	7.05	7.54	7.53	7.26	7.35
FlowSAC*:	7.67	6.84	8.00	7.55	7.46	6.99	7.17	6.82	7.12	7.36
0117 : cave_2/frame_0035.png
 Matches:	21.14	27.22	30.72	32.34	33.73	34.96	35.92	36.89	38.52	39.74
 Outlier:	20.94	28.06	33.61	36.41	38.64	40.48	41.96	43.37	45.66	47.12
EpicFlow:	8.05	8.22	8.30	8.58	8.59	8.59	8.93	9.93	10.59	11.45
 RicFlow:	6.58	6.79	8.69	9.07	9.35	9.49	9.99	9.74	10.42	10.57
 FlowSAC:	6.41	6.59	6.86	6.38	6.16	6.60	6.60	6.65	6.56	6.53
FlowSAC*:	6.69	6.27	6.63	6.25	5.92	6.85	6.47	6.45	6.64	6.46
0118 : cave_2/frame_0036.png
 Matches:	21.85	27.53	30.83	32.37	33.73	34.89	35.79	36.67	38.19	39.20
 Outlier:	25.63	32.17	36.79	39.09	41.10	42.78	43.99	45.16	46.89	47.97
EpicFlow:	11.46	9.75	11.14	12.43	12.45	12.73	12.44	12.11	12.49	12.59
 RicFlow:	12.65	11.37	10.54	10.96	10.93	11.36	12.89	12.30	12.53	13.51
 FlowSAC:	11.91	9.97	10.16	11.88	9.65	9.75	9.84	10.16	10.08	10.23
FlowSAC*:	11.80	10.66	9.81	10.46	10.23	10.09	9.85	9.84	10.09	10.06
0119 : cave_2/frame_0037.png
 Matches:	24.33	29.92	32.58	33.76	34.74	35.58	36.37	37.15	38.18	39.05
 Outlier:	21.13	26.63	30.58	32.48	33.96	35.28	36.54	37.76	39.30	40.55
EpicFlow:	8.62	8.45	8.31	8.31	9.73	10.22	10.49	10.63	11.42	12.58
 RicFlow:	8.53	8.66	8.44	9.97	9.97	10.19	9.97	10.10	11.15	11.68
 FlowSAC:	8.50	8.33	8.62	8.23	8.12	8.82	10.19	10.12	9.18	9.35
FlowSAC*:	8.50	8.47	8.42	8.17	8.26	9.20	10.01	9.94	9.24	9.18
0120 : cave_2/frame_0038.png
 Matches:	27.17	32.33	34.86	36.06	37.03	37.90	38.62	39.20	39.97	40.64
 Outlier:	18.77	24.02	28.11	30.13	31.74	33.18	34.23	35.08	36.23	37.23
EpicFlow:	5.12	5.57	6.07	7.14	8.04	8.21	8.24	8.84	9.38	9.32
 RicFlow:	5.02	5.19	5.59	6.19	6.47	6.55	6.36	6.40	6.88	7.27
 FlowSAC:	5.43	5.11	5.03	5.25	5.44	5.33	5.40	5.36	5.49	5.42
FlowSAC*:	5.19	5.07	4.98	5.26	5.47	5.32	5.40	5.51	5.47	5.70
0121 : cave_2/frame_0039.png
 Matches:	32.49	37.24	39.29	40.19	41.15	41.93	42.49	42.95	43.60	44.15
 Outlier:	16.15	19.80	22.44	23.84	25.32	26.43	27.20	27.87	28.78	29.48
EpicFlow:	3.03	3.35	4.13	4.36	4.42	4.55	4.61	4.69	4.83	5.69
 RicFlow:	2.81	2.99	3.18	3.23	3.37	3.51	3.60	3.77	3.79	4.14
 FlowSAC:	2.95	2.98	3.17	3.04	3.03	2.97	2.97	3.03	3.00	2.99
FlowSAC*:	2.89	3.10	3.10	2.89	3.10	2.93	2.93	3.01	2.97	2.96
0122 : cave_4/frame_0005.png
 Matches:	35.42	38.41	39.92	40.80	41.67	42.40	42.90	43.35	44.20	44.80
 Outlier:	4.85	7.69	10.16	11.65	13.10	14.42	15.33	16.10	17.61	18.55
EpicFlow:	3.69	3.48	6.99	7.19	6.84	7.06	7.28	7.14	7.54	6.74
 RicFlow:	4.05	5.55	5.22	5.80	5.88	6.31	6.37	6.47	6.50	6.45
 FlowSAC:	3.79	3.79	6.88	3.50	3.46	6.88	6.97	7.04	6.30	6.38
FlowSAC*:	4.01	3.64	3.60	3.44	3.42	6.96	6.96	7.04	7.99	8.34
0123 : cave_4/frame_0006.png
 Matches:	33.87	37.10	38.74	39.68	40.55	41.35	41.92	42.39	43.38	44.12
 Outlier:	5.61	8.78	11.37	12.81	14.25	15.53	16.52	17.31	19.03	20.32
EpicFlow:	3.46	3.38	3.41	3.44	3.45	3.45	3.64	3.75	4.11	4.49
 RicFlow:	3.75	3.75	3.75	3.74	3.72	3.78	3.75	3.77	4.23	4.56
 FlowSAC:	3.52	3.63	3.48	3.28	3.61	3.60	3.59	3.52	3.60	3.93
FlowSAC*:	3.42	3.40	3.41	3.49	3.47	3.78	3.56	3.45	3.54	4.32
0124 : cave_4/frame_0007.png
 Matches:	34.51	37.72	39.53	40.54	41.43	42.33	42.98	43.53	44.53	45.08
 Outlier:	6.12	9.39	12.11	13.74	15.15	16.67	17.73	18.63	20.21	21.02
EpicFlow:	3.46	3.25	3.41	3.44	3.59	3.59	3.96	3.92	4.10	4.17
 RicFlow:	3.93	3.90	3.84	3.81	3.81	3.81	3.78	3.77	3.86	4.13
 FlowSAC:	3.26	3.57	3.55	2.91	3.48	3.49	3.94	4.36	3.91	4.17
FlowSAC*:	3.35	3.20	3.24	2.91	3.23	3.67	3.72	3.83	3.07	3.36
0125 : cave_4/frame_0008.png
 Matches:	35.78	38.97	40.78	41.85	42.75	43.57	44.13	44.62	45.12	45.59
 Outlier:	5.88	9.32	12.23	13.93	15.29	16.49	17.42	18.22	19.06	19.77
EpicFlow:	4.95	5.05	5.10	5.15	5.18	5.20	5.25	5.24	5.33	5.32
 RicFlow:	5.40	5.36	5.39	5.45	5.40	5.39	5.43	5.45	5.45	5.49
 FlowSAC:	5.16	5.10	5.10	5.22	5.23	5.24	5.20	5.18	5.20	5.20
FlowSAC*:	5.13	5.23	5.22	5.19	5.21	5.27	5.17	5.24	5.26	5.28
0126 : cave_4/frame_0009.png
 Matches:	35.64	38.70	40.52	41.61	42.65	43.38	43.79	44.17	44.93	45.52
 Outlier:	5.63	8.97	11.78	13.34	14.79	15.77	16.34	16.87	18.09	19.06
EpicFlow:	4.51	4.60	4.68	4.58	4.65	4.66	4.69	4.77	5.28	5.47
 RicFlow:	5.03	5.00	5.08	4.93	4.90	4.89	4.87	4.93	5.07	5.24
 FlowSAC:	4.65	4.61	4.74	4.65	4.66	4.53	4.55	4.78	4.78	4.78
FlowSAC*:	4.73	4.69	4.88	4.68	4.51	4.57	4.56	4.60	4.78	4.76
0127 : cave_4/frame_0010.png
 Matches:	36.60	39.34	41.03	42.04	42.85	43.53	43.92	44.31	44.80	45.29
 Outlier:	5.34	8.43	11.12	12.71	13.99	15.02	15.60	16.23	17.05	17.82
EpicFlow:	6.33	6.39	6.39	6.40	6.39	6.45	6.49	6.54	6.63	7.13
 RicFlow:	6.74	6.68	6.72	6.68	6.67	6.67	6.68	6.68	6.68	6.71
 FlowSAC:	6.39	6.49	6.45	6.46	6.39	6.37	6.41	6.34	6.39	6.37
FlowSAC*:	6.45	6.53	6.45	6.44	6.45	6.40	6.40	6.33	6.37	6.38
0128 : cave_4/frame_0011.png
 Matches:	36.61	39.32	40.99	42.04	42.98	43.76	44.34	44.83	45.47	45.77
 Outlier:	4.86	7.89	10.64	12.32	13.85	15.08	16.00	16.79	17.78	18.28
EpicFlow:	4.69	4.68	4.71	4.75	4.85	4.88	4.93	5.01	5.11	5.20
 RicFlow:	5.18	5.16	5.12	5.15	5.15	5.21	5.23	5.31	5.36	5.38
 FlowSAC:	4.83	4.82	4.76	4.92	5.02	4.96	4.94	4.71	4.78	4.95
FlowSAC*:	4.82	4.76	4.73	4.80	4.89	4.93	4.92	4.92	4.93	4.92
0129 : cave_4/frame_0016.png
 Matches:	35.44	38.10	40.06	41.32	42.33	43.32	44.10	44.65	45.39	45.79
 Outlier:	5.08	8.26	11.54	13.73	15.37	16.91	18.19	19.04	20.24	20.91
EpicFlow:	3.14	3.04	2.96	3.00	3.03	3.16	3.24	3.40	3.87	4.26
 RicFlow:	3.51	3.52	3.48	3.33	3.23	3.15	3.24	3.15	3.42	3.56
 FlowSAC:	3.27	3.50	3.62	3.88	3.56	3.23	3.47	3.51	3.65	3.83
FlowSAC*:	3.30	3.97	3.86	3.88	3.55	3.78	4.06	4.16	3.89	4.17
0130 : cave_4/frame_0042.png
 Matches:	30.26	33.40	35.59	36.81	38.20	39.43	40.20	40.79	41.55	42.06
 Outlier:	5.17	9.08	12.96	15.34	17.96	20.11	21.39	22.36	23.60	24.35
EpicFlow:	6.04	5.31	5.07	5.08	5.44	5.08	5.16	5.33	5.37	5.37
 RicFlow:	7.84	6.49	6.39	6.22	6.12	6.09	5.88	6.03	6.12	5.98
 FlowSAC:	6.41	5.92	5.85	5.70	5.96	5.57	5.76	5.72	5.66	5.83
FlowSAC*:	6.18	5.99	5.69	5.76	5.50	5.84	5.84	5.92	6.14	5.89
0131 : cave_4/frame_0043.png
 Matches:	28.70	32.10	34.55	36.00	37.33	38.33	38.99	39.37	40.13	40.75
 Outlier:	6.87	11.81	16.62	19.51	22.03	23.79	24.89	25.55	26.77	27.52
EpicFlow:	9.31	9.43	9.13	8.95	9.19	9.54	10.46	10.89	10.95	10.99
 RicFlow:	10.88	10.20	10.58	10.06	10.26	10.52	9.83	9.93	9.42	10.20
 FlowSAC:	9.43	9.50	10.09	9.77	11.63	10.45	11.49	11.25	10.71	9.69
FlowSAC*:	10.63	9.99	11.52	10.47	11.07	10.22	11.53	11.19	10.63	10.65
0132 : cave_4/frame_0044.png
 Matches:	27.19	30.30	32.20	33.51	34.82	36.17	37.06	37.77	38.86	39.67
 Outlier:	7.39	11.84	15.98	18.77	21.31	23.89	25.54	26.77	28.65	29.99
EpicFlow:	16.00	13.33	15.12	15.27	12.66	12.23	12.07	12.32	12.59	12.34
 RicFlow:	17.24	16.84	16.20	16.48	16.59	14.50	13.91	13.49	13.63	13.84
 FlowSAC:	18.59	17.90	21.08	20.05	17.53	17.48	14.93	15.36	17.62	17.55
FlowSAC*:	19.67	18.76	20.05	19.01	19.05	19.05	17.31	18.91	18.87	17.43
0133 : cave_4/frame_0045.png
 Matches:	27.72	30.72	32.47	33.57	34.78	35.66	36.39	37.04	38.33	39.17
 Outlier:	6.41	10.08	13.68	16.08	18.62	20.37	21.72	22.97	25.35	26.81
EpicFlow:	18.59	15.96	18.78	18.14	14.58	14.25	15.99	16.95	16.33	17.38
 RicFlow:	19.65	19.31	15.34	15.15	18.85	18.80	14.54	14.64	14.88	15.56
 FlowSAC:	19.33	19.30	20.04	18.63	18.13	17.53	16.64	16.99	17.53	21.48
FlowSAC*:	19.23	19.37	19.31	18.43	17.13	17.28	16.55	16.57	16.68	18.45
0134 : cave_4/frame_0046.png
 Matches:	25.90	29.08	31.26	32.75	34.11	35.26	36.33	37.09	38.14	39.04
 Outlier:	7.27	11.91	16.33	19.39	22.04	24.30	26.32	27.70	29.41	30.81
EpicFlow:	8.99	9.38	9.24	10.03	10.87	10.86	10.70	10.96	11.66	12.21
 RicFlow:	9.78	9.55	9.55	9.65	9.66	9.87	10.03	10.00	10.09	10.91
 FlowSAC:	9.45	10.11	9.84	10.03	10.16	10.16	9.99	9.75	10.23	11.01
FlowSAC*:	18.81	9.87	9.78	9.98	10.21	9.92	9.76	9.62	10.01	10.49
0135 : cave_4/frame_0047.png
 Matches:	23.81	26.88	28.89	30.00	31.25	32.45	33.47	34.34	35.58	36.54
 Outlier:	7.64	12.28	16.92	19.49	22.25	24.63	26.60	28.29	30.61	32.22
EpicFlow:	6.83	9.02	7.97	8.30	8.34	8.34	8.57	9.10	9.57	10.48
 RicFlow:	6.96	6.94	7.40	7.55	9.30	9.00	9.00	8.77	9.24	12.22
 FlowSAC:	7.92	7.74	6.96	7.08	7.36	8.06	7.08	7.04	7.66	8.16
FlowSAC*:	7.36	7.76	7.89	8.10	7.64	7.70	8.02	7.72	7.42	7.92
0136 : cave_4/frame_0048.png
 Matches:	26.62	30.07	32.50	33.84	35.10	36.34	37.44	38.51	39.97	41.06
 Outlier:	8.25	13.31	18.13	20.82	23.30	25.59	27.45	29.08	31.35	33.00
EpicFlow:	8.02	7.47	8.48	10.92	10.96	10.51	10.03	10.34	10.81	10.90
 RicFlow:	9.14	8.21	7.82	8.44	10.03	10.66	10.73	10.75	10.66	10.75
 FlowSAC:	8.32	9.19	7.54	8.43	7.55	8.74	8.95	7.76	8.91	7.60
FlowSAC*:	10.34	10.36	7.61	10.00	10.34	8.72	8.95	7.66	8.76	8.71
0137 : cave_4/frame_0049.png
 Matches:	29.34	31.94	33.83	34.98	36.09	37.20	38.11	38.92	40.02	40.94
 Outlier:	6.73	10.78	14.53	16.78	18.88	20.57	22.09	23.35	25.22	26.70
EpicFlow:	6.30	7.27	7.51	7.47	7.57	7.36	7.55	7.94	9.73	9.13
 RicFlow:	6.22	7.08	8.04	8.02	7.93	7.49	7.45	7.62	9.04	8.68
 FlowSAC:	7.07	5.91	7.45	7.11	7.00	7.62	6.99	7.15	6.84	6.55
FlowSAC*:	8.37	6.47	7.42	6.73	6.15	7.90	7.76	8.33	7.50	6.66
0138 : market_5/frame_0001.png
 Matches:	20.61	24.93	27.93	29.49	30.76	31.71	32.41	33.07	34.30	35.53
 Outlier:	11.23	16.20	20.99	23.85	26.41	28.23	29.57	30.82	32.84	34.98
EpicFlow:	8.36	10.58	11.90	14.31	14.15	18.80	16.60	14.71	15.97	15.95
 RicFlow:	9.18	8.24	15.84	12.85	13.55	15.83	15.70	14.32	14.62	15.18
 FlowSAC:	7.15	9.53	8.44	8.38	10.30	12.00	10.85	11.25	10.77	11.10
FlowSAC*:	7.12	9.13	9.63	9.71	10.44	12.30	11.16	11.19	15.02	16.74
0139 : market_5/frame_0002.png
 Matches:	21.16	25.82	29.15	31.07	32.61	33.90	34.83	35.54	36.59	37.33
 Outlier:	12.44	17.60	22.94	26.08	28.59	30.82	32.35	33.57	35.27	36.17
EpicFlow:	5.70	5.32	8.87	10.86	11.67	13.62	14.42	14.19	15.12	14.73
 RicFlow:	4.71	5.18	8.77	12.91	13.12	13.02	13.31	13.37	13.92	13.56
 FlowSAC:	4.95	5.00	4.86	4.99	4.66	5.87	4.65	5.38	9.16	5.05
FlowSAC*:	5.05	5.01	5.19	4.66	4.59	11.13	4.69	5.05	12.63	4.92
0140 : market_5/frame_0003.png
 Matches:	20.76	24.93	27.72	29.15	30.45	31.34	31.92	32.38	33.12	33.90
 Outlier:	12.15	16.72	21.08	23.87	26.30	28.02	29.16	30.11	31.47	32.89
EpicFlow:	7.12	6.46	16.64	17.23	13.70	16.48	15.15	15.00	15.55	16.83
 RicFlow:	13.29	15.28	17.36	15.67	15.96	20.74	18.72	17.92	17.15	16.08
 FlowSAC:	17.56	18.00	18.55	18.53	17.17	16.16	15.50	19.08	19.62	17.06
FlowSAC*:	17.66	9.47	18.44	16.32	16.72	17.17	15.44	18.14	19.55	18.28
0141 : market_5/frame_0004.png
 Matches:	19.47	24.07	27.58	29.46	31.05	32.29	33.19	33.90	35.20	36.25
 Outlier:	17.89	23.63	29.20	32.32	34.90	36.87	38.28	39.33	41.23	42.74
EpicFlow:	11.58	10.83	10.22	15.51	22.67	21.14	20.24	19.39	20.56	20.16
 RicFlow:	14.08	14.11	12.51	13.66	18.06	17.85	17.76	17.33	18.88	21.14
 FlowSAC:	11.17	11.91	10.97	10.76	9.91	10.61	11.47	10.27	9.29	9.99
FlowSAC*:	11.41	12.17	10.56	10.35	9.85	10.57	10.32	9.50	9.33	10.04
0142 : market_5/frame_0005.png
 Matches:	21.07	26.54	30.60	32.61	34.07	35.22	35.99	36.70	37.51	38.24
 Outlier:	14.60	20.18	25.33	28.30	30.52	32.38	33.54	34.51	35.60	36.70
EpicFlow:	13.59	12.04	69.42	70.00	76.21	68.13	34.67	37.81	30.00	29.75
 RicFlow:	19.20	20.71	20.71	20.35	25.47	20.69	21.45	26.94	27.02	27.41
 FlowSAC:	12.53	12.94	13.94	14.81	13.18	13.96	15.11	16.10	15.20	15.42
FlowSAC*:	12.56	13.80	14.14	14.68	14.50	14.04	15.01	16.02	15.00	14.85
0143 : market_5/frame_0006.png
 Matches:	22.14	27.92	32.51	34.90	36.56	37.66	38.42	38.97	39.78	40.34
 Outlier:	19.86	27.04	32.73	35.68	37.86	39.42	40.41	41.11	42.02	42.67
EpicFlow:	15.99	15.80	15.82	15.45	15.34	15.48	15.75	15.84	16.26	16.61
 RicFlow:	15.87	15.23	15.60	16.60	17.07	16.91	17.15	17.66	17.65	18.34
 FlowSAC:	16.35	16.36	16.38	15.66	15.46	16.16	16.36	16.34	16.30	16.15
FlowSAC*:	16.56	16.07	15.78	15.82	15.88	15.98	15.82	16.05	16.27	16.16
0144 : market_5/frame_0007.png
 Matches:	27.94	33.17	36.69	38.34	39.57	40.47	41.26	41.87	42.83	43.37
 Outlier:	16.05	20.58	24.87	27.07	28.78	30.13	31.35	32.19	33.51	34.24
EpicFlow:	6.33	6.11	6.20	5.86	6.19	6.74	6.81	6.99	7.32	7.34
 RicFlow:	6.29	5.53	5.56	6.22	6.42	6.14	6.17	6.25	6.87	6.77
 FlowSAC:	6.29	6.61	6.58	6.56	6.59	6.46	6.74	6.61	6.78	6.89
FlowSAC*:	6.31	6.52	6.44	6.21	6.41	6.31	6.86	6.37	6.70	6.88
0145 : market_5/frame_0008.png
 Matches:	23.95	28.13	30.92	32.33	33.52	34.50	35.07	35.49	36.17	36.93
 Outlier:	9.39	13.58	17.68	19.99	22.16	23.96	25.09	25.88	27.16	28.46
EpicFlow:	7.70	7.25	7.53	11.22	11.53	18.90	19.79	19.14	20.17	19.31
 RicFlow:	8.79	9.70	11.94	12.15	13.31	14.41	14.37	14.09	14.11	14.78
 FlowSAC:	8.00	7.52	7.97	7.98	8.05	7.69	9.36	9.12	9.47	9.40
FlowSAC*:	7.62	7.52	7.54	7.95	7.60	7.65	9.30	7.81	7.82	9.59
0146 : market_5/frame_0009.png
 Matches:	17.44	22.56	26.56	28.71	30.52	31.92	32.87	33.68	34.88	36.06
 Outlier:	17.92	24.77	30.73	34.22	37.30	39.60	41.15	42.49	44.27	46.02
EpicFlow:	20.05	18.70	19.70	19.80	19.29	19.24	20.05	22.92	25.64	26.31
 RicFlow:	19.38	20.68	20.28	20.17	20.17	19.88	19.68	19.99	20.51	22.27
 FlowSAC:	24.16	23.15	23.10	26.95	22.62	23.52	24.36	24.90	22.56	25.03
FlowSAC*:	24.08	23.14	22.48	21.94	22.32	23.04	23.41	20.80	21.41	21.31
0147 : market_5/frame_0010.png
 Matches:	16.95	23.35	28.26	30.72	32.47	33.73	34.59	35.15	35.86	36.34
 Outlier:	25.30	33.00	38.80	42.10	44.49	46.20	47.35	48.10	49.03	49.59
EpicFlow:	15.13	18.05	19.27	18.71	18.50	19.79	20.78	18.81	19.74	19.64
 RicFlow:	14.83	18.10	17.69	17.76	17.65	17.31	17.58	19.36	19.48	20.49
 FlowSAC:	14.79	15.00	14.25	15.25	16.40	14.74	15.27	16.15	15.35	18.81
FlowSAC*:	19.32	14.07	14.55	14.88	14.68	14.79	14.71	16.64	14.44	19.30
0148 : market_5/frame_0011.png
 Matches:	15.60	20.40	24.08	26.03	27.61	28.63	29.33	29.89	30.77	31.76
 Outlier:	24.30	30.79	36.94	40.31	42.95	44.53	45.65	46.61	48.02	49.58
EpicFlow:	26.28	27.07	25.10	25.88	25.98	25.25	27.10	27.90	28.25	30.03
 RicFlow:	26.74	26.14	24.59	22.88	24.16	22.28	22.21	22.80	25.50	24.84
 FlowSAC:	18.88	17.35	17.78	17.04	18.49	18.00	17.93	17.98	17.25	17.94
FlowSAC*:	19.28	17.15	17.81	17.03	18.65	17.81	18.03	18.02	17.43	17.62
0149 : market_5/frame_0012.png
 Matches:	18.02	23.65	27.53	29.41	30.90	31.98	32.90	33.46	34.29	34.91
 Outlier:	23.55	29.89	35.33	38.21	40.47	42.18	43.53	44.37	45.50	46.38
EpicFlow:	24.52	23.37	22.70	22.79	22.34	28.19	28.14	20.47	21.52	27.87
 RicFlow:	25.78	25.30	24.99	24.77	20.26	20.96	21.07	31.59	25.18	27.93
 FlowSAC:	25.19	24.85	25.01	25.27	23.95	22.78	22.94	24.47	20.71	21.36
FlowSAC*:	25.35	24.19	24.87	25.17	23.92	22.83	21.94	25.13	20.52	21.23
0150 : market_5/frame_0013.png
 Matches:	19.90	25.63	29.76	31.86	33.51	34.87	35.81	36.67	37.83	38.85
 Outlier:	16.65	23.93	29.69	32.90	35.43	37.59	39.00	40.34	42.05	43.42
EpicFlow:	21.21	21.21	20.10	19.24	19.13	19.91	18.05	18.94	18.84	18.89
 RicFlow:	20.88	19.78	19.77	20.58	20.01	19.99	20.10	19.81	20.45	20.36
 FlowSAC:	21.34	19.97	21.01	19.98	17.23	17.29	18.69	18.63	18.34	17.85
FlowSAC*:	20.98	20.05	21.11	20.05	17.15	17.55	18.81	18.36	17.85	17.61
0151 : market_5/frame_0014.png
 Matches:	22.52	27.97	31.61	33.32	34.56	35.48	36.09	36.71	37.62	38.39
 Outlier:	17.89	24.09	28.81	31.34	33.19	34.58	35.54	36.49	37.87	38.88
EpicFlow:	10.33	10.15	10.66	11.10	11.86	14.67	14.88	15.47	16.07	17.87
 RicFlow:	12.19	11.07	11.18	11.43	12.20	12.44	12.20	12.01	13.60	15.31
 FlowSAC:	11.40	11.15	11.73	11.35	11.83	11.43	11.77	11.96	11.50	12.43
FlowSAC*:	11.35	11.74	11.70	11.79	12.22	11.96	11.77	11.88	11.48	12.57
0152 : market_5/frame_0015.png
 Matches:	24.47	30.45	34.61	36.48	37.77	38.60	39.18	39.74	40.56	41.23
 Outlier:	20.04	27.32	32.65	35.00	36.75	37.90	38.65	39.37	40.48	41.37
EpicFlow:	7.29	8.15	7.91	8.37	8.91	9.44	9.78	10.10	11.36	11.70
 RicFlow:	7.81	7.46	8.11	8.26	9.89	10.20	11.05	11.72	13.22	12.91
 FlowSAC:	7.93	9.56	9.85	7.96	9.04	8.80	10.03	9.72	9.78	10.05
FlowSAC*:	9.00	8.90	10.17	9.04	10.74	9.05	10.94	10.67	9.52	10.37
0153 : market_5/frame_0016.png
 Matches:	28.30	33.52	36.42	37.85	39.01	39.92	40.55	41.06	42.05	42.88
 Outlier:	15.57	19.78	23.42	25.49	27.13	28.37	29.27	29.95	31.22	32.36
EpicFlow:	6.30	6.58	6.84	7.98	8.61	9.65	9.60	10.06	9.46	10.13
 RicFlow:	5.70	6.05	6.17	6.93	7.64	7.78	7.70	8.24	8.89	9.60
 FlowSAC:	6.54	6.52	6.44	6.49	6.46	6.61	6.45	6.87	6.45	6.93
FlowSAC*:	6.58	6.56	6.44	6.34	6.33	6.74	6.71	6.70	7.07	7.09
0154 : market_5/frame_0017.png
 Matches:	26.80	31.79	34.47	35.76	36.97	38.12	38.90	39.49	40.36	41.04
 Outlier:	13.93	17.83	21.28	23.27	25.21	26.86	27.98	28.71	29.95	30.98
EpicFlow:	8.70	7.98	7.99	7.85	8.03	8.27	8.87	10.05	9.10	8.75
 RicFlow:	9.00	8.76	8.55	8.07	7.92	7.95	7.85	7.81	8.28	8.10
 FlowSAC:	9.12	8.35	8.34	9.04	8.64	9.20	7.85	8.08	8.39	8.35
FlowSAC*:	9.15	8.52	8.36	8.52	8.43	9.26	8.15	8.08	8.33	8.32
0155 : market_5/frame_0018.png
 Matches:	21.76	26.02	29.30	31.28	33.12	34.60	35.58	36.22	37.00	37.76
 Outlier:	12.85	19.02	25.40	29.01	32.24	34.70	36.23	37.24	38.41	39.45
EpicFlow:	15.35	13.41	13.15	13.06	13.45	14.13	14.96	14.86	15.23	15.27
 RicFlow:	22.37	17.74	13.47	13.45	13.71	14.35	14.23	14.89	14.67	14.67
 FlowSAC:	19.42	15.47	16.47	15.51	16.82	15.82	15.66	16.68	16.47	16.46
FlowSAC*:	19.44	16.07	16.39	15.60	17.84	16.32	17.55	18.53	15.42	17.98
0156 : market_5/frame_0019.png
 Matches:	18.31	21.92	24.59	26.18	27.51	28.56	29.42	30.17	31.53	32.61
 Outlier:	13.42	19.37	25.28	29.13	32.18	34.42	36.15	37.67	40.29	42.20
EpicFlow:	25.26	20.98	20.99	21.57	21.25	23.73	24.32	24.99	29.57	30.03
 RicFlow:	24.17	21.48	21.70	22.16	22.75	24.33	21.37	22.07	26.60	37.84
 FlowSAC:	25.10	28.81	24.40	22.59	21.28	24.02	20.07	24.20	22.33	27.28
FlowSAC*:	28.58	27.70	23.10	22.14	21.25	24.55	20.10	24.90	22.17	28.19
0157 : market_5/frame_0020.png
 Matches:	15.96	19.19	21.56	23.12	24.83	26.38	27.69	28.66	30.08	31.21
 Outlier:	16.28	22.20	28.24	32.08	36.19	39.76	42.51	44.38	46.89	48.74
EpicFlow:	34.83	37.30	32.62	32.76	33.36	39.76	35.09	35.90	34.53	35.06
 RicFlow:	31.71	35.88	29.66	28.95	31.54	33.36	34.12	34.68	34.95	34.38
 FlowSAC:	33.93	34.68	32.93	32.31	32.40	32.42	33.60	32.12	32.70	33.83
FlowSAC*:	34.27	35.15	32.27	33.55	32.26	33.13	33.13	32.98	31.53	32.50
0158 : market_5/frame_0021.png
 Matches:	18.32	22.00	24.88	26.80	28.59	30.44	31.78	32.65	33.93	34.84
 Outlier:	15.89	22.85	29.61	33.73	37.44	40.87	42.99	44.28	46.15	47.41
EpicFlow:	15.76	16.55	16.73	17.54	20.68	20.77	20.86	21.16	19.55	24.26
 RicFlow:	19.17	21.05	23.91	24.12	25.04	26.37	25.35	26.21	23.42	23.04
 FlowSAC:	15.33	16.54	17.92	17.10	19.17	18.69	16.81	18.80	19.04	19.02
FlowSAC*:	17.05	18.02	17.76	17.10	19.26	18.26	16.31	18.15	20.01	18.73
0159 : market_5/frame_0022.png
 Matches:	19.98	23.52	26.37	28.28	30.20	31.88	33.05	34.04	35.53	36.26
 Outlier:	14.77	20.74	26.63	30.46	34.09	37.13	39.08	40.71	43.08	44.19
EpicFlow:	19.66	18.89	18.56	18.53	22.93	20.41	20.19	19.23	18.18	17.28
 RicFlow:	26.42	21.56	18.11	20.86	19.23	19.58	19.64	19.01	21.68	18.55
 FlowSAC:	23.98	23.10	26.38	18.35	25.92	23.98	24.25	21.12	18.18	24.45
FlowSAC*:	24.09	23.04	26.36	17.44	26.08	23.95	23.94	21.70	18.45	24.53
0160 : market_5/frame_0023.png
 Matches:	21.41	25.57	28.75	30.80	32.64	34.45	35.77	36.78	37.98	38.77
 Outlier:	15.84	21.89	27.63	31.15	34.18	36.95	38.85	40.24	41.95	43.10
EpicFlow:	15.29	14.88	16.43	16.59	23.27	27.37	30.07	31.78	31.13	33.66
 RicFlow:	16.58	15.90	17.77	19.51	19.82	26.98	30.63	31.35	33.55	34.85
 FlowSAC:	19.97	19.90	19.20	15.97	14.58	18.96	14.39	14.96	18.02	15.36
FlowSAC*:	20.40	14.33	19.17	15.85	15.00	18.84	16.76	15.75	18.39	15.32
0161 : market_5/frame_0024.png
 Matches:	24.85	29.32	32.42	34.19	35.86	37.28	38.28	39.03	40.08	41.00
 Outlier:	13.39	18.66	23.50	26.29	28.79	30.94	32.47	33.54	35.01	36.18
EpicFlow:	9.39	9.47	9.99	10.26	10.43	10.34	10.34	10.47	10.38	11.31
 RicFlow:	9.78	10.61	10.79	10.52	10.44	10.25	10.43	10.63	11.41	11.84
 FlowSAC:	9.83	9.63	9.39	8.94	9.13	9.13	9.37	9.01	8.80	9.10
FlowSAC*:	10.06	9.39	9.41	8.68	9.13	9.07	9.39	9.04	8.75	9.28
0162 : market_5/frame_0025.png
 Matches:	26.88	30.86	33.82	35.44	36.76	37.87	38.97	39.89	41.08	41.67
 Outlier:	12.07	16.83	21.30	23.79	26.06	27.88	29.60	30.98	32.63	33.38
EpicFlow:	8.44	7.62	7.31	7.46	6.01	5.89	5.61	5.44	5.54	5.71
 RicFlow:	9.48	8.15	8.14	8.00	7.09	6.20	6.72	6.62	6.43	6.18
 FlowSAC:	8.63	9.50	6.54	7.87	6.73	6.95	6.94	7.15	6.69	7.35
FlowSAC*:	8.56	9.33	6.70	9.76	6.66	10.39	6.92	7.17	8.97	7.22
0163 : market_5/frame_0026.png
 Matches:	28.30	32.63	35.67	37.39	38.80	40.15	41.30	42.15	43.07	43.54
 Outlier:	11.42	15.99	20.63	23.50	25.95	28.02	29.74	30.95	32.20	32.77
EpicFlow:	9.17	9.37	15.37	13.95	16.00	14.34	10.53	10.66	10.41	10.31
 RicFlow:	9.10	9.10	9.22	9.56	9.83	11.25	12.22	12.41	12.42	13.36
 FlowSAC:	9.26	9.09	9.04	15.56	9.18	9.23	9.16	9.15	9.19	9.50
FlowSAC*:	9.19	9.06	8.99	9.04	8.91	9.07	9.07	9.10	9.24	9.43
0164 : market_5/frame_0027.png
 Matches:	28.12	32.72	36.07	38.15	39.96	41.66	42.83	43.47	44.26	45.01
 Outlier:	11.96	16.89	21.67	24.92	27.78	30.37	32.05	32.83	33.77	34.76
EpicFlow:	6.39	6.87	7.30	7.42	6.40	6.64	6.66	6.84	6.92	7.18
 RicFlow:	8.22	7.91	6.57	5.33	5.78	6.33	6.94	6.99	7.04	7.78
 FlowSAC:	5.58	5.75	5.75	5.13	4.85	5.30	4.97	5.40	4.99	5.15
FlowSAC*:	5.47	5.81	5.77	5.24	4.93	6.30	6.50	12.16	6.41	5.14
0165 : market_5/frame_0028.png
 Matches:	28.09	33.03	36.44	38.53	40.45	42.03	43.17	43.87	44.88	45.32
 Outlier:	13.41	18.24	22.68	25.80	28.71	31.01	32.56	33.51	34.82	35.33
EpicFlow:	9.64	9.75	6.59	5.46	5.51	5.43	5.59	5.59	5.69	5.50
 RicFlow:	9.89	8.21	7.82	7.90	8.07	8.14	5.84	6.42	6.43	6.29
 FlowSAC:	11.80	12.85	6.58	6.74	6.05	6.25	7.25	6.67	6.24	5.18
FlowSAC*:	11.68	12.75	12.10	6.82	6.90	6.33	6.69	5.50	5.47	5.27
0166 : market_5/frame_0029.png
 Matches:	27.50	32.44	35.94	37.86	39.61	41.34	42.36	43.10	43.79	44.45
 Outlier:	12.82	17.34	21.91	24.84	27.38	29.80	31.24	32.24	33.01	33.71
EpicFlow:	22.80	23.01	23.12	23.22	23.30	13.70	11.32	8.40	13.86	12.96
 RicFlow:	23.45	23.44	23.34	23.44	23.42	23.59	25.62	13.75	14.05	14.12
 FlowSAC:	22.68	22.84	22.88	22.77	12.70	25.07	25.07	15.78	12.36	13.02
FlowSAC*:	22.73	22.84	22.72	22.76	12.67	24.95	25.00	15.78	13.00	12.47
0167 : market_5/frame_0030.png
 Matches:	29.33	34.84	38.92	41.10	43.00	44.33	45.03	45.56	46.24	46.76
 Outlier:	11.06	15.62	20.81	23.83	26.41	28.24	29.12	29.84	30.74	31.39
EpicFlow:	10.58	6.51	6.38	6.07	5.43	5.49	5.74	5.71	5.72	5.86
 RicFlow:	11.02	11.09	5.50	5.23	5.37	5.46	5.71	5.85	5.61	5.90
 FlowSAC:	10.31	10.35	5.33	4.93	5.26	5.33	5.37	5.24	4.99	5.04
FlowSAC*:	10.28	10.34	5.03	5.19	5.20	5.22	5.23	5.15	4.92	5.07
0168 : market_5/frame_0031.png
 Matches:	28.30	34.13	38.21	40.32	42.30	43.74	44.63	45.07	45.87	46.49
 Outlier:	11.92	16.73	21.50	24.27	26.97	28.90	30.05	30.49	31.36	31.87
EpicFlow:	9.81	9.82	9.91	9.88	9.87	10.06	10.12	10.05	10.15	10.28
 RicFlow:	10.04	10.10	10.15	10.06	10.23	10.10	10.13	10.36	10.39	10.36
 FlowSAC:	9.67	9.70	9.51	9.68	9.63	9.58	9.64	9.59	9.46	9.64
FlowSAC*:	9.62	9.60	9.55	9.61	9.63	9.42	9.55	9.62	9.59	9.65
0169 : market_5/frame_0042.png
 Matches:	33.43	38.06	40.57	42.04	43.40	44.47	45.26	45.68	46.62	47.13
 Outlier:	7.72	11.42	14.94	17.23	19.42	20.98	22.13	22.77	24.21	24.92
EpicFlow:	2.68	2.53	3.66	3.71	3.84	3.92	4.02	4.28	4.60	4.70
 RicFlow:	1.95	2.54	2.41	2.67	2.63	2.62	2.78	3.13	3.44	3.64
 FlowSAC:	2.18	2.93	3.02	3.38	3.15	3.34	3.70	3.42	3.50	3.10
FlowSAC*:	1.84	2.80	3.18	3.00	3.25	3.24	3.37	3.31	3.16	3.31
0170 : market_5/frame_0044.png
 Matches:	30.35	34.89	37.54	39.11	40.57	41.84	42.60	43.20	44.00	44.66
 Outlier:	8.69	13.23	17.25	19.66	21.88	23.57	24.72	25.58	26.82	27.77
EpicFlow:	6.10	5.25	4.91	4.77	4.72	5.01	5.28	5.71	6.07	7.43
 RicFlow:	3.64	5.75	5.54	5.62	4.59	4.32	4.15	4.36	4.75	5.25
 FlowSAC:	5.45	5.30	5.35	6.36	5.34	5.14	6.09	6.27	5.70	6.24
FlowSAC*:	5.31	5.28	5.40	5.33	5.37	5.01	5.96	6.14	5.57	6.06
0171 : market_5/frame_0045.png
 Matches:	27.58	32.37	35.38	37.01	38.25	39.15	39.88	40.45	41.22	42.08
 Outlier:	9.59	14.49	19.09	21.75	23.70	25.12	26.21	27.12	28.24	29.55
EpicFlow:	5.94	6.21	6.19	6.99	7.18	7.90	7.96	8.13	9.62	9.37
 RicFlow:	5.68	5.84	5.63	5.74	5.91	6.41	7.44	7.90	7.57	7.77
 FlowSAC:	7.71	7.80	8.82	7.00	9.73	9.50	9.52	7.14	9.54	10.45
FlowSAC*:	7.69	7.75	8.47	8.24	9.46	9.33	10.07	9.41	9.81	10.35
0172 : market_5/frame_0046.png
 Matches:	24.88	29.42	32.44	34.02	35.14	36.06	36.75	37.39	38.58	39.58
 Outlier:	8.52	13.82	18.78	21.50	23.45	25.01	26.08	27.01	28.66	29.97
EpicFlow:	6.70	7.47	7.45	8.13	8.33	10.22	9.60	9.66	9.75	9.13
 RicFlow:	6.48	6.80	7.20	7.43	7.31	7.75	9.21	8.33	7.82	7.67
 FlowSAC:	6.63	6.83	7.33	7.46	7.56	7.10	7.26	7.45	7.70	7.32
FlowSAC*:	6.67	6.79	7.45	7.09	7.91	7.59	7.41	7.31	7.13	6.88
0173 : market_5/frame_0047.png
 Matches:	26.18	31.24	34.21	35.66	36.90	37.78	38.33	38.70	39.35	40.14
 Outlier:	9.35	14.86	19.53	21.98	24.15	25.63	26.44	27.01	28.06	29.41
EpicFlow:	9.36	14.60	11.91	11.34	11.50	11.22	11.25	11.52	12.55	13.33
 RicFlow:	8.32	15.44	14.31	13.33	13.12	12.58	12.59	11.97	12.46	13.11
 FlowSAC:	8.90	8.58	6.90	8.38	7.68	7.48	7.07	6.98	6.80	7.21
FlowSAC*:	8.91	8.98	7.63	8.36	7.67	6.82	7.02	7.00	6.70	6.83
0174 : market_5/frame_0048.png
 Matches:	26.55	31.75	35.17	36.87	37.98	38.77	39.12	39.40	40.01	40.54
 Outlier:	9.58	15.47	20.16	22.78	24.54	25.83	26.40	26.86	27.88	28.79
EpicFlow:	15.73	12.47	13.77	14.31	14.74	16.50	16.16	18.41	18.97	20.48
 RicFlow:	11.71	13.22	13.03	12.67	13.27	12.85	15.61	16.04	16.31	17.00
 FlowSAC:	19.11	12.12	12.00	12.60	17.64	17.06	13.23	13.12	12.55	17.12
FlowSAC*:	14.48	13.52	15.26	12.60	17.55	16.80	13.25	12.97	13.22	17.09
0175 : market_5/frame_0049.png
 Matches:	26.48	31.38	34.87	36.60	37.80	38.75	39.48	39.89	40.37	40.85
 Outlier:	9.41	15.01	20.35	23.22	25.28	26.79	27.77	28.35	29.04	29.77
EpicFlow:	17.22	15.00	15.92	17.28	17.45	17.33	16.71	16.47	15.68	15.08
 RicFlow:	16.66	15.18	13.30	13.58	14.15	14.23	13.94	13.87	13.54	14.05
 FlowSAC:	24.40	25.04	23.67	26.22	23.59	25.03	25.52	26.30	25.95	26.06
FlowSAC*:	23.99	25.04	23.54	26.15	23.43	25.23	25.60	26.45	24.76	26.20
0176 : market_6/frame_0001.png
 Matches:	31.02	34.35	36.57	37.76	38.87	40.11	40.98	41.65	42.80	43.42
 Outlier:	8.00	12.34	16.21	18.31	20.21	22.34	23.73	24.68	26.28	27.10
EpicFlow:	3.14	3.04	3.23	3.31	3.38	3.54	3.67	3.78	3.90	4.39
 RicFlow:	2.90	3.24	3.42	3.65	3.56	3.75	3.88	3.82	3.94	4.04
 FlowSAC:	2.85	2.69	2.74	2.77	2.78	3.06	3.02	3.03	3.03	2.71
FlowSAC*:	2.84	2.73	3.00	2.79	2.79	3.07	3.08	3.07	3.21	2.75
0177 : market_6/frame_0002.png
 Matches:	30.66	34.06	36.37	37.64	38.85	40.06	40.95	41.46	42.13	42.65
 Outlier:	8.37	12.54	16.18	18.41	20.35	22.23	23.54	24.28	25.30	26.16
EpicFlow:	4.06	3.77	3.81	3.64	3.45	3.54	3.62	3.69	3.81	4.03
 RicFlow:	4.72	3.94	3.62	3.62	3.61	3.79	3.72	3.86	3.84	3.98
 FlowSAC:	3.33	3.31	3.17	3.10	2.59	2.70	2.48	2.68	2.70	2.43
FlowSAC*:	3.39	3.27	3.31	3.10	2.85	2.75	2.77	2.71	2.99	2.71
0178 : market_6/frame_0003.png
 Matches:	30.81	34.44	36.72	38.04	39.17	40.08	40.66	41.14	41.96	42.43
 Outlier:	8.83	13.38	17.13	19.32	21.14	22.62	23.51	24.26	25.61	26.42
EpicFlow:	4.33	4.08	4.32	4.53	4.67	4.75	4.86	5.06	5.45	5.45
 RicFlow:	4.00	4.44	4.60	4.83	5.08	5.06	5.14	5.06	5.66	5.39
 FlowSAC:	3.78	3.55	3.70	3.70	3.56	3.74	3.56	3.75	3.61	3.56
FlowSAC*:	3.99	3.74	4.23	4.04	3.95	4.08	4.02	4.10	4.09	4.15
0179 : market_6/frame_0004.png
 Matches:	32.18	35.81	37.94	39.01	39.95	40.57	41.08	41.45	41.96	42.35
 Outlier:	8.04	12.08	15.32	17.02	18.47	19.53	20.41	21.05	21.93	22.61
EpicFlow:	4.10	4.21	4.59	4.80	5.05	5.29	5.60	5.80	6.16	6.55
 RicFlow:	3.93	4.42	4.68	4.70	4.93	4.98	5.38	5.64	5.38	5.59
 FlowSAC:	3.84	3.68	3.82	3.59	3.86	4.09	3.77	3.79	3.84	3.99
FlowSAC*:	3.80	3.79	4.24	4.09	3.92	4.45	3.79	4.17	3.92	4.29
0180 : market_6/frame_0005.png
 Matches:	31.82	35.34	37.22	38.08	38.86	39.53	40.18	40.69	41.47	42.21
 Outlier:	8.32	12.16	15.24	16.69	18.02	19.24	20.36	21.30	22.73	24.06
EpicFlow:	4.23	4.19	4.22	4.38	4.69	5.35	5.63	5.92	7.08	8.59
 RicFlow:	3.99	3.97	4.76	5.32	5.46	5.57	5.78	6.16	6.41	7.12
 FlowSAC:	3.98	3.91	3.69	3.99	3.76	4.12	4.09	4.04	4.06	3.83
FlowSAC*:	4.10	3.94	3.83	3.95	3.77	4.15	4.09	3.92	4.06	3.96
0181 : market_6/frame_0006.png
 Matches:	32.64	36.12	38.11	39.03	39.78	40.52	41.08	41.54	42.11	42.53
 Outlier:	8.29	12.05	15.27	16.83	18.08	19.27	20.21	20.97	21.91	22.64
EpicFlow:	4.13	4.40	4.71	4.98	5.38	5.69	6.27	6.62	7.11	8.21
 RicFlow:	3.74	4.38	5.09	5.10	6.11	6.40	6.42	6.52	7.69	8.15
 FlowSAC:	3.73	3.65	3.74	3.66	4.14	3.78	3.59	3.99	3.66	3.54
FlowSAC*:	3.76	3.65	4.05	4.23	4.20	4.29	4.19	4.01	3.74	4.37
0182 : market_6/frame_0007.png
 Matches:	32.71	36.12	38.09	38.99	39.71	40.46	41.00	41.39	41.96	42.41
 Outlier:	8.59	12.42	15.38	16.80	18.01	19.21	20.13	20.82	21.76	22.56
EpicFlow:	4.05	4.07	4.40	4.52	4.71	5.01	5.40	5.96	6.52	7.01
 RicFlow:	3.70	5.13	5.67	5.36	5.55	5.72	6.07	6.34	6.74	6.95
 FlowSAC:	3.61	3.52	3.60	3.53	3.91	3.96	4.29	3.83	4.19	4.01
FlowSAC*:	3.60	3.72	3.71	4.07	3.95	4.00	4.15	3.85	4.23	4.01
0183 : market_6/frame_0008.png
 Matches:	32.27	35.50	37.33	38.23	39.03	40.00	40.68	41.18	41.75	42.51
 Outlier:	8.81	12.74	15.68	17.29	18.70	20.36	21.59	22.42	23.34	24.61
EpicFlow:	4.41	4.64	4.98	5.28	5.78	6.25	6.56	6.62	6.93	8.33
 RicFlow:	3.82	4.37	4.88	5.98	6.22	6.78	7.04	7.01	7.15	7.29
 FlowSAC:	3.73	3.78	3.91	4.16	3.65	3.75	4.46	4.17	4.35	3.99
FlowSAC*:	3.98	4.04	4.27	4.34	3.75	4.09	4.80	4.75	4.77	4.29
0184 : market_6/frame_0009.png
 Matches:	32.90	36.10	38.03	39.15	40.01	40.70	41.05	41.24	41.67	42.25
 Outlier:	8.76	12.55	15.76	17.66	19.17	20.34	20.90	21.21	21.99	23.00
EpicFlow:	5.30	5.39	5.68	5.79	5.95	6.08	6.14	6.52	7.81	8.26
 RicFlow:	3.54	4.55	5.36	5.77	6.05	6.39	6.26	6.33	7.32	7.48
 FlowSAC:	3.79	3.48	3.68	3.89	3.66	3.81	3.71	3.50	3.54	4.18
FlowSAC*:	3.79	3.53	3.69	3.89	3.74	3.80	3.95	3.51	3.96	4.33
0185 : market_6/frame_0010.png
 Matches:	33.26	36.24	38.05	39.02	39.91	40.55	40.88	41.22	41.71	42.29
 Outlier:	9.43	13.10	16.09	17.68	19.04	20.03	20.55	21.11	21.93	22.92
EpicFlow:	4.12	4.39	4.50	4.61	4.74	4.74	5.07	5.17	5.88	6.69
 RicFlow:	3.66	4.29	4.81	4.99	5.12	5.22	5.17	5.19	5.38	5.61
 FlowSAC:	3.58	3.40	3.74	3.39	3.71	3.81	3.23	3.59	3.75	3.62
FlowSAC*:	3.68	3.50	3.82	3.43	3.65	3.86	3.21	3.68	3.77	3.68
0186 : market_6/frame_0011.png
 Matches:	32.54	35.37	36.91	37.73	38.28	38.68	39.06	39.28	39.85	40.28
 Outlier:	7.94	11.09	13.43	14.83	15.73	16.50	17.28	17.75	18.74	19.54
EpicFlow:	4.24	4.29	4.30	4.65	4.85	4.85	5.03	5.37	5.57	6.20
 RicFlow:	3.95	4.05	4.33	4.88	4.91	5.16	5.31	5.08	5.50	6.17
 FlowSAC:	4.19	4.03	4.12	4.20	4.09	3.99	4.26	4.60	4.36	4.10
FlowSAC*:	4.25	4.05	4.18	4.44	4.18	4.09	4.47	4.66	4.35	4.10
0187 : market_6/frame_0012.png
 Matches:	32.86	35.86	37.41	38.13	38.69	39.13	39.40	39.57	39.85	40.11
 Outlier:	8.15	11.05	13.44	14.61	15.59	16.46	17.00	17.35	17.90	18.43
EpicFlow:	3.29	3.59	3.62	4.14	4.35	4.41	4.46	4.64	5.60	5.73
 RicFlow:	3.37	3.52	3.65	3.90	3.76	4.37	4.42	4.42	5.23	5.46
 FlowSAC:	3.83	3.74	3.49	3.80	3.60	3.51	4.11	3.57	4.00	3.49
FlowSAC*:	3.16	3.83	3.51	3.90	4.14	3.66	3.97	3.47	3.74	3.50
0188 : market_6/frame_0015.png
 Matches:	34.84	38.02	39.79	40.65	41.38	41.92	42.45	42.89	43.24	43.49
 Outlier:	9.98	12.95	15.46	16.84	17.95	18.81	19.69	20.46	21.08	21.52
EpicFlow:	5.94	5.94	5.89	5.48	5.09	5.43	4.77	5.01	5.20	6.17
 RicFlow:	6.31	6.43	6.46	6.47	6.59	6.60	6.77	6.92	6.93	6.75
 FlowSAC:	6.17	5.98	5.44	5.27	4.95	5.94	3.76	5.49	4.44	5.40
FlowSAC*:	5.02	5.98	6.11	6.06	6.10	5.92	5.40	5.83	5.68	5.42
0189 : market_6/frame_0029.png
 Matches:	33.85	37.42	39.67	40.79	41.77	42.51	43.13	43.66	44.44	45.03
 Outlier:	6.82	10.35	13.62	15.29	16.88	18.05	19.07	19.98	21.24	22.23
EpicFlow:	3.72	4.04	5.15	5.36	5.76	5.57	5.96	6.18	6.54	6.69
 RicFlow:	4.74	5.14	5.39	5.45	5.27	5.28	5.62	5.60	6.09	6.58
 FlowSAC:	4.47	4.64	6.17	6.24	7.83	5.04	6.73	4.68	5.11	6.32
FlowSAC*:	4.49	4.74	6.13	6.14	7.14	6.13	6.90	4.78	4.81	5.60
0190 : market_6/frame_0030.png
 Matches:	33.99	37.69	40.27	41.63	42.88	43.82	44.46	45.08	45.80	46.68
 Outlier:	7.68	11.21	14.79	16.94	18.85	20.29	21.26	22.27	23.42	24.77
EpicFlow:	3.43	3.57	3.82	3.71	3.79	3.92	3.98	4.21	4.52	5.07
 RicFlow:	3.47	3.20	3.29	3.35	3.36	3.25	3.40	3.54	3.90	5.10
 FlowSAC:	3.09	3.28	3.50	3.50	3.58	3.65	3.55	3.76	3.77	3.68
FlowSAC*:	3.01	3.37	3.34	3.33	3.45	3.50	3.45	3.55	3.46	3.51
0191 : market_6/frame_0032.png
 Matches:	34.63	38.18	40.60	41.90	43.03	44.07	44.79	45.35	46.08	46.44
 Outlier:	8.32	11.93	15.42	17.47	19.23	20.79	21.87	22.74	23.81	24.29
EpicFlow:	3.83	4.26	4.57	4.77	4.90	5.00	5.07	5.17	5.31	5.37
 RicFlow:	2.94	3.07	3.70	3.97	4.17	4.41	4.62	4.68	4.68	4.75
 FlowSAC:	3.01	3.10	3.40	3.17	3.48	3.45	3.51	3.17	3.46	3.51
FlowSAC*:	3.11	3.02	3.15	3.21	3.26	3.24	3.28	3.29	3.29	3.28
0192 : market_6/frame_0033.png
 Matches:	35.34	38.57	40.73	41.93	42.84	43.62	44.28	44.89	45.63	46.01
 Outlier:	6.40	9.74	12.87	14.81	16.32	17.54	18.61	19.57	20.71	21.26
EpicFlow:	3.37	3.44	3.66	3.70	4.34	4.57	4.64	4.69	4.87	5.10
 RicFlow:	3.28	3.36	3.34	3.31	3.41	3.43	3.52	3.57	3.98	4.18
 FlowSAC:	3.31	3.27	3.25	3.28	3.35	3.39	3.33	3.45	3.48	3.86
FlowSAC*:	3.34	3.18	3.23	3.33	3.27	3.29	3.20	3.34	3.41	3.51
0193 : temple_2/frame_0019.png
 Matches:	35.84	38.52	40.14	41.09	41.93	42.43	42.78	42.98	43.15	43.45
 Outlier:	6.92	9.31	11.48	13.14	14.50	15.43	16.05	16.39	16.67	17.18
EpicFlow:	7.86	9.99	10.22	10.79	10.60	11.19	11.18	11.10	11.46	12.15
 RicFlow:	10.99	10.51	11.51	11.39	11.36	11.57	11.80	11.93	11.40	12.12
 FlowSAC:	7.65	7.33	11.04	11.49	10.04	10.43	10.74	11.80	10.89	11.53
FlowSAC*:	7.62	7.60	11.03	10.18	9.93	10.37	10.61	11.51	10.98	11.57
0194 : temple_2/frame_0021.png
 Matches:	37.72	40.88	42.55	43.67	44.65	45.26	45.64	45.82	46.32	46.58
 Outlier:	8.08	10.95	13.26	14.85	16.30	17.25	17.89	18.19	19.06	19.50
EpicFlow:	2.89	3.18	3.30	3.42	3.33	3.66	3.79	3.78	3.94	3.97
 RicFlow:	3.24	3.22	3.36	3.36	3.37	3.43	3.50	3.44	3.98	4.08
 FlowSAC:	2.76	2.81	2.85	3.03	2.80	3.34	3.43	3.35	3.61	3.67
FlowSAC*:	2.84	2.93	2.90	2.97	2.80	3.24	3.26	3.22	3.41	3.67
0195 : temple_2/frame_0022.png
 Matches:	36.76	40.18	42.02	43.34	44.29	44.94	45.32	45.57	45.80	46.11
 Outlier:	8.30	11.50	14.20	16.21	17.50	18.54	19.18	19.60	19.98	20.50
EpicFlow:	3.49	3.68	3.91	4.15	4.30	4.52	4.58	4.68	4.63	4.64
 RicFlow:	3.25	3.21	3.66	3.71	4.06	3.95	4.37	4.23	4.22	4.59
 FlowSAC:	3.41	3.42	3.30	3.56	3.87	3.98	3.84	4.10	4.06	4.03
FlowSAC*:	3.29	3.50	3.49	3.42	3.45	3.66	3.54	3.42	3.68	3.75
0196 : temple_2/frame_0023.png
 Matches:	36.32	39.89	41.99	43.42	44.33	44.90	45.22	45.42	45.75	45.97
 Outlier:	8.18	10.90	13.67	15.60	16.88	17.79	18.30	18.59	19.09	19.38
EpicFlow:	5.03	5.22	5.26	5.35	5.37	5.39	5.48	5.58	5.84	5.91
 RicFlow:	4.91	4.95	4.99	4.93	5.10	4.78	5.06	5.11	5.44	5.74
 FlowSAC:	5.33	5.09	5.37	5.19	5.45	5.36	5.33	5.23	5.12	5.34
FlowSAC*:	4.96	4.99	5.27	5.13	5.34	4.94	5.12	5.07	5.11	5.14
0197 : temple_2/frame_0024.png
 Matches:	33.80	36.68	38.53	39.62	40.62	41.47	41.92	42.29	42.90	43.37
 Outlier:	5.81	8.57	11.42	13.17	14.78	16.19	16.96	17.63	18.60	19.36
EpicFlow:	8.53	8.50	8.62	8.66	8.74	8.72	8.74	8.70	10.42	10.28
 RicFlow:	7.93	9.27	9.17	9.24	9.28	9.73	10.31	10.86	11.44	11.52
 FlowSAC:	10.92	10.63	9.55	10.39	10.71	10.91	10.74	10.92	11.14	10.13
FlowSAC*:	10.88	10.60	10.26	10.32	10.70	10.93	10.70	10.68	10.17	9.73
0198 : temple_2/frame_0025.png
 Matches:	32.68	34.72	36.08	37.12	37.84	38.42	39.03	39.44	40.04	40.53
 Outlier:	4.44	6.55	9.02	11.01	12.48	13.59	14.75	15.61	16.79	17.71
EpicFlow:	16.22	32.46	30.92	39.85	37.12	39.03	40.14	42.98	34.17	36.91
 RicFlow:	24.47	26.36	25.46	26.76	26.54	29.46	29.16	30.73	32.20	33.47
 FlowSAC:	30.07	30.94	30.33	36.66	35.40	35.02	34.59	23.23	31.54	28.11
FlowSAC*:	29.86	35.16	34.30	38.58	35.26	32.96	35.78	27.21	31.56	28.81
0199 : temple_2/frame_0026.png
 Matches:	35.62	38.42	40.08	41.13	41.96	42.70	43.38	43.77	44.42	44.92
 Outlier:	5.78	8.61	11.23	12.99	14.49	15.68	16.71	17.30	18.33	19.15
EpicFlow:	3.46	3.62	4.00	3.94	4.05	4.08	4.04	4.12	4.24	4.72
 RicFlow:	4.01	3.84	3.65	3.72	3.77	3.87	4.00	4.08	4.41	4.36
 FlowSAC:	4.05	3.58	3.69	3.44	3.48	3.43	3.68	3.48	3.60	3.61
FlowSAC*:	3.53	3.57	3.66	3.49	3.56	3.45	3.62	3.53	3.47	3.61
0200 : temple_2/frame_0027.png
 Matches:	34.49	36.54	37.88	38.70	39.45	39.97	40.32	40.70	41.35	42.22
 Outlier:	4.54	6.74	9.09	10.67	12.21	13.26	13.98	14.75	16.06	17.71
EpicFlow:	10.07	9.68	13.78	12.40	13.33	13.77	13.81	14.13	14.77	14.46
 RicFlow:	11.51	12.40	13.04	12.83	13.01	13.33	13.36	13.41	14.34	15.15
 FlowSAC:	10.35	10.73	13.22	13.66	13.27	13.17	12.69	25.97	14.76	14.92
FlowSAC*:	10.20	10.45	13.20	13.60	13.70	13.30	13.49	22.85	14.72	14.03
0201 : temple_2/frame_0028.png
 Matches:	36.12	38.25	39.39	40.06	40.71	41.37	41.74	42.10	42.71	43.05
 Outlier:	4.44	6.53	8.22	9.27	10.48	11.69	12.37	13.07	14.17	14.81
EpicFlow:	8.21	8.31	8.55	8.43	7.95	8.60	8.83	8.85	10.91	11.05
 RicFlow:	8.90	8.35	8.61	9.06	9.07	11.26	10.59	10.86	11.65	11.65
 FlowSAC:	8.21	8.26	8.20	7.92	8.23	8.19	7.95	7.87	8.39	9.07
FlowSAC*:	8.22	8.21	8.21	8.11	8.13	8.02	7.98	7.78	8.30	10.10
0202 : temple_2/frame_0029.png
 Matches:	39.89	41.91	43.18	44.00	44.54	44.88	45.10	45.22	45.43	45.65
 Outlier:	4.17	5.95	7.77	8.90	9.79	10.35	10.68	10.87	11.19	11.49
EpicFlow:	10.53	11.09	13.34	13.00	13.02	15.43	16.02	16.88	14.84	15.60
 RicFlow:	18.42	18.13	17.75	12.84	16.77	16.32	18.78	18.92	18.00	18.49
 FlowSAC:	10.51	13.12	24.90	11.36	15.52	26.51	15.36	11.91	21.92	35.58
FlowSAC*:	10.48	13.06	24.95	11.34	15.52	18.53	15.27	31.07	32.76	35.60
0203 : temple_2/frame_0030.png
 Matches:	42.81	44.54	45.44	46.06	46.50	46.74	46.81	46.83	46.93	46.96
 Outlier:	3.76	4.98	6.09	6.90	7.57	7.92	8.05	8.09	8.19	8.25
EpicFlow:	6.25	6.28	6.30	6.33	6.31	6.32	6.37	6.37	6.43	6.43
 RicFlow:	6.26	6.40	6.44	6.38	6.40	6.41	6.08	6.11	6.18	5.74
 FlowSAC:	6.28	6.28	6.29	6.29	6.31	6.34	6.25	6.33	6.30	5.59
FlowSAC*:	6.25	6.26	6.27	6.26	6.30	6.29	6.24	6.28	6.27	5.57
0204 : temple_3/frame_0001.png
 Matches:	33.78	38.18	40.69	41.94	42.88	43.43	43.75	43.99	44.46	45.21
 Outlier:	12.52	14.22	16.88	18.85	20.27	21.19	21.73	22.15	22.91	24.10
EpicFlow:	1.90	2.75	3.39	3.72	3.67	3.77	3.90	3.95	3.64	4.11
 RicFlow:	2.85	2.85	2.76	3.31	2.92	2.97	3.08	3.12	3.23	3.69
 FlowSAC:	2.91	2.60	2.82	2.07	2.82	2.71	2.61	2.72	2.60	2.60
FlowSAC*:	2.80	2.64	2.72	1.82	2.61	2.46	2.89	2.70	2.41	2.63
0205 : temple_3/frame_0020.png
 Matches:	28.91	33.56	36.06	37.51	38.48	39.49	40.09	40.52	41.27	41.79
 Outlier:	15.04	17.91	21.02	23.42	25.10	26.84	27.80	28.52	29.68	30.48
EpicFlow:	2.85	8.23	8.65	8.92	9.19	9.20	9.24	9.63	9.64	9.63
 RicFlow:	3.82	4.06	4.17	4.27	7.04	7.32	4.97	5.61	5.74	6.34
 FlowSAC:	2.77	3.68	3.87	4.26	4.11	3.71	4.48	4.14	4.30	4.82
FlowSAC*:	2.78	3.73	3.86	4.23	4.17	3.79	4.55	4.16	4.32	4.53
0206 : temple_3/frame_0021.png
 Matches:	22.03	26.30	28.71	30.17	31.00	31.82	32.54	33.17	34.56	35.76
 Outlier:	16.55	20.67	24.72	27.80	29.46	31.09	32.45	33.62	36.04	38.13
EpicFlow:	8.73	9.92	10.32	10.33	12.30	12.93	15.87	15.90	16.03	17.82
 RicFlow:	8.11	8.82	8.93	9.88	10.43	11.14	10.74	11.61	12.65	13.98
 FlowSAC:	5.87	7.66	7.45	8.83	7.77	8.35	7.79	9.12	9.06	8.53
FlowSAC*:	5.82	6.73	7.58	8.83	7.80	8.35	7.77	9.10	8.87	8.34
0207 : temple_3/frame_0022.png
 Matches:	17.77	21.81	24.51	25.81	26.85	27.87	28.75	29.49	30.50	31.37
 Outlier:	17.32	22.65	28.01	30.85	33.10	35.29	37.19	38.69	40.45	41.86
EpicFlow:	8.44	12.95	31.35	33.56	34.85	36.64	37.43	36.68	31.73	30.67
 RicFlow:	12.07	18.30	21.94	25.19	26.25	28.76	29.46	29.78	26.17	27.07
 FlowSAC:	8.01	8.16	8.82	10.70	9.95	12.79	18.77	14.43	16.66	14.92
FlowSAC*:	8.13	8.15	8.90	10.38	11.71	14.12	12.45	14.50	17.14	11.63
0208 : temple_3/frame_0023.png
 Matches:	18.70	23.96	26.92	28.21	29.09	29.85	30.51	31.12	32.13	33.06
 Outlier:	15.07	20.62	25.64	28.17	29.79	31.26	32.61	33.75	35.50	36.95
EpicFlow:	12.16	12.56	13.19	13.02	13.07	13.77	13.93	14.30	14.66	15.21
 RicFlow:	11.87	12.45	12.83	12.54	13.35	13.67	14.12	14.30	15.73	14.34
 FlowSAC:	12.03	12.02	12.16	11.92	11.03	11.09	10.78	11.06	10.66	11.14
FlowSAC*:	12.16	11.98	12.03	11.64	11.14	11.10	10.95	11.11	11.15	11.18
0209 : temple_3/frame_0024.png
 Matches:	17.45	22.72	26.08	27.55	28.70	29.62	30.36	31.03	32.36	33.67
 Outlier:	19.05	24.27	29.77	32.45	34.55	36.12	37.41	38.56	40.70	42.75
EpicFlow:	5.70	6.18	7.68	8.09	10.51	11.21	12.77	13.88	15.40	17.18
 RicFlow:	5.79	6.18	6.75	7.07	7.46	9.40	9.45	9.91	10.45	13.30
 FlowSAC:	5.44	6.55	6.52	6.14	7.05	7.12	7.31	7.03	7.25	8.07
FlowSAC*:	5.76	6.15	6.77	6.40	6.99	7.39	6.76	7.77	7.27	8.08
0210 : temple_3/frame_0025.png
 Matches:	19.25	24.80	28.30	29.82	31.13	32.11	32.81	33.46	34.71	35.99
 Outlier:	19.72	24.69	30.04	32.94	35.38	36.95	38.01	39.09	41.08	42.87
EpicFlow:	7.69	8.20	9.90	10.13	10.90	11.73	12.02	12.16	13.03	14.73
 RicFlow:	9.86	10.63	11.56	12.43	12.52	13.48	13.89	14.18	14.49	16.26
 FlowSAC:	7.71	8.10	7.20	7.34	7.93	7.80	8.09	8.07	8.48	9.14
FlowSAC*:	7.55	8.13	6.99	7.83	7.79	7.76	7.78	8.20	8.69	9.22
0211 : temple_3/frame_0026.png
 Matches:	19.71	25.01	28.24	29.72	30.94	31.97	32.74	33.40	35.14	36.61
 Outlier:	16.83	21.67	27.00	29.85	32.19	34.13	35.52	36.69	39.67	41.98
EpicFlow:	9.15	10.45	10.30	10.55	10.59	11.20	11.66	12.31	14.98	15.23
 RicFlow:	10.46	10.21	11.14	12.10	12.68	13.08	13.39	14.62	16.87	15.94
 FlowSAC:	9.50	9.17	8.99	9.05	9.08	8.85	9.56	10.38	11.02	10.54
FlowSAC*:	9.19	9.45	9.49	9.70	9.41	9.91	9.76	10.27	10.76	10.35
0212 : temple_3/frame_0027.png
 Matches:	22.15	26.99	30.90	32.54	33.95	35.26	36.41	37.18	38.53	39.66
 Outlier:	22.35	26.40	30.80	33.60	35.91	38.01	39.79	40.98	42.75	44.27
EpicFlow:	8.24	8.20	8.31	7.90	8.22	8.42	9.13	9.18	9.79	10.50
 RicFlow:	7.90	8.22	8.09	8.07	8.29	8.37	10.26	11.40	11.95	13.04
 FlowSAC:	7.53	8.66	8.28	7.93	7.81	8.05	7.77	8.38	8.34	8.53
FlowSAC*:	8.07	8.74	8.09	7.81	8.01	7.84	7.77	8.26	8.15	7.97
0213 : temple_3/frame_0028.png
 Matches:	18.65	24.49	28.32	30.01	31.48	32.82	33.69	34.44	36.12	37.92
 Outlier:	23.19	28.74	34.77	37.74	40.32	42.51	43.80	44.93	47.24	49.15
EpicFlow:	7.67	8.93	9.79	9.89	10.74	11.19	11.19	11.30	12.11	12.59
 RicFlow:	7.95	9.63	10.29	11.16	12.80	13.09	12.78	13.41	12.06	12.92
 FlowSAC:	6.42	6.78	8.47	8.73	8.83	8.98	8.97	8.67	8.99	9.48
FlowSAC*:	6.39	6.73	7.96	8.60	8.61	8.37	8.57	8.51	8.71	9.15
0214 : temple_3/frame_0029.png
 Matches:	17.40	22.67	26.35	28.15	29.62	30.86	31.77	32.50	33.60	34.41
 Outlier:	21.81	27.74	33.87	37.30	39.92	42.07	43.51	44.66	46.31	47.42
EpicFlow:	22.37	23.15	22.32	22.48	21.69	21.73	23.41	23.29	24.14	22.65
 RicFlow:	18.73	18.24	18.95	19.56	18.78	20.23	20.02	20.68	20.90	22.68
 FlowSAC:	12.83	20.91	23.77	21.20	23.21	24.69	24.29	25.12	25.93	26.70
FlowSAC*:	24.57	23.46	23.73	22.96	23.31	23.58	23.02	23.30	23.67	24.29
0215 : temple_3/frame_0030.png
 Matches:	17.29	23.09	27.24	29.20	30.79	32.24	33.23	33.94	35.18	36.02
 Outlier:	22.11	28.03	33.96	37.22	39.87	42.19	43.61	44.61	46.29	47.48
EpicFlow:	19.11	18.98	18.34	18.78	18.46	27.17	25.61	26.29	25.02	25.29
 RicFlow:	18.63	18.72	18.92	18.28	18.95	22.14	20.88	20.87	21.62	22.85
 FlowSAC:	18.77	18.90	19.07	18.40	18.11	18.58	19.14	31.92	18.97	28.53
FlowSAC*:	18.83	18.95	18.73	18.71	17.36	32.73	18.82	31.37	19.55	27.95
0216 : temple_3/frame_0031.png
 Matches:	18.07	23.41	27.05	28.65	29.89	31.13	32.10	32.83	34.14	34.99
 Outlier:	19.48	25.12	31.22	34.40	36.67	38.74	40.41	41.58	43.58	44.81
EpicFlow:	19.17	17.12	17.81	17.77	17.88	18.33	18.95	17.96	17.95	18.55
 RicFlow:	17.03	17.11	16.66	17.82	17.77	18.74	18.96	18.38	18.95	18.22
 FlowSAC:	20.28	20.46	18.30	17.98	17.37	17.60	18.81	19.29	17.43	17.64
FlowSAC*:	20.24	20.48	18.66	18.20	17.46	17.86	17.98	19.18	17.37	19.81
0217 : temple_3/frame_0032.png
 Matches:	20.59	26.17	29.56	31.03	32.10	33.02	33.84	34.44	36.08	36.95
 Outlier:	14.95	19.71	25.27	28.13	30.10	31.78	33.24	34.34	37.03	38.34
EpicFlow:	17.93	18.51	17.82	17.31	17.60	18.15	18.84	18.77	20.85	20.20
 RicFlow:	18.20	17.71	17.67	17.13	17.28	17.36	18.25	18.86	19.33	19.64
 FlowSAC:	19.03	18.07	18.06	17.87	17.50	17.36	17.01	18.32	20.54	19.32
FlowSAC*:	18.58	18.25	17.72	17.58	17.55	17.58	17.24	18.12	19.42	20.39
0218 : temple_3/frame_0033.png
 Matches:	21.71	28.32	32.15	33.83	35.33	36.62	37.89	39.48	41.63	43.03
 Outlier:	15.43	20.49	26.12	29.03	31.65	33.78	35.81	38.22	41.13	42.77
EpicFlow:	4.68	4.83	5.03	5.01	5.22	5.32	5.62	5.95	6.88	7.70
 RicFlow:	4.94	5.21	5.35	5.44	5.57	6.08	6.31	6.67	7.25	8.21
 FlowSAC:	4.76	5.46	5.12	4.95	5.24	5.40	5.05	5.21	5.23	5.44
FlowSAC*:	4.86	5.53	5.08	4.93	5.29	5.37	5.22	5.21	5.31	5.52
0219 : temple_3/frame_0034.png
 Matches:	22.72	28.58	31.79	33.22	34.42	35.89	36.76	37.49	39.11	40.59
 Outlier:	14.09	18.63	23.41	26.02	28.25	30.93	32.43	33.60	36.19	38.34
EpicFlow:	7.51	8.86	9.99	10.30	12.31	13.17	13.27	13.44	13.78	14.55
 RicFlow:	10.45	10.30	10.39	9.88	9.80	10.05	10.04	10.60	12.91	13.43
 FlowSAC:	6.74	6.91	7.14	7.35	9.87	8.05	10.38	10.43	9.01	8.62
FlowSAC*:	6.84	6.81	7.47	7.79	7.64	7.85	10.10	7.81	9.07	8.67
0220 : temple_3/frame_0035.png
 Matches:	22.35	27.21	30.49	32.27	33.52	34.75	35.80	36.71	38.07	39.29
 Outlier:	14.22	19.26	24.46	27.59	29.88	32.08	33.67	35.12	37.18	39.02
EpicFlow:	10.50	9.77	11.58	13.63	11.94	12.07	12.57	13.10	13.79	13.99
 RicFlow:	15.22	14.82	14.92	15.03	12.21	12.84	12.97	13.47	13.63	13.47
 FlowSAC:	11.46	10.00	10.06	10.38	10.27	10.06	10.08	10.80	10.76	12.02
FlowSAC*:	11.24	9.64	10.26	10.48	10.23	10.09	10.31	10.30	10.64	11.84
0221 : temple_3/frame_0036.png
 Matches:	19.28	24.78	28.10	29.60	30.95	32.19	33.28	34.40	35.89	37.21
 Outlier:	13.98	19.34	24.60	27.61	30.13	32.42	34.31	36.14	38.53	40.47
EpicFlow:	9.45	9.24	11.89	12.75	13.21	13.39	13.77	13.87	13.76	13.29
 RicFlow:	11.41	11.99	12.75	12.70	12.80	13.12	13.14	13.22	14.50	15.80
 FlowSAC:	10.01	9.38	10.79	11.48	11.08	11.14	11.50	11.83	12.51	12.85
FlowSAC*:	9.81	9.51	10.91	11.21	9.27	11.43	11.31	12.00	12.31	12.26
0222 : temple_3/frame_0037.png
 Matches:	18.24	23.92	27.29	28.87	30.21	31.34	32.42	33.30	34.90	36.60
 Outlier:	14.73	19.66	25.45	28.62	31.28	33.48	35.44	36.95	39.63	42.17
EpicFlow:	19.91	20.57	26.73	27.39	27.41	27.62	27.55	27.71	28.39	33.64
 RicFlow:	29.25	29.48	28.57	28.05	28.25	28.70	29.06	35.09	36.50	37.79
 FlowSAC:	20.50	20.47	20.39	19.45	19.22	19.37	21.36	20.74	21.92	28.05
FlowSAC*:	20.48	20.26	20.13	19.79	19.23	19.60	26.60	20.59	26.96	28.22
0223 : temple_3/frame_0038.png
 Matches:	17.02	23.37	27.26	28.97	30.45	31.82	32.76	33.42	34.97	36.78
 Outlier:	18.07	23.53	29.15	32.27	34.97	37.41	38.89	39.91	42.44	45.09
EpicFlow:	19.73	21.80	22.49	22.62	22.77	22.46	23.24	22.95	24.13	25.16
 RicFlow:	18.47	20.36	22.38	22.06	21.44	21.83	21.77	21.77	22.78	23.77
 FlowSAC:	16.50	16.72	16.45	21.52	22.88	22.46	22.93	25.60	20.30	19.31
FlowSAC*:	16.25	16.97	17.85	21.26	24.64	22.79	25.51	25.20	19.78	19.40
0224 : temple_3/frame_0039.png
 Matches:	15.86	22.43	26.81	28.65	30.20	31.39	32.52	33.45	35.07	36.09
 Outlier:	24.80	30.64	36.57	39.25	41.69	43.60	45.33	46.69	48.81	50.02
EpicFlow:	10.21	10.25	12.29	11.95	15.82	16.99	17.09	17.95	19.14	19.85
 RicFlow:	23.33	16.44	17.69	19.62	20.61	20.75	21.98	22.43	23.20	23.99
 FlowSAC:	10.04	10.55	19.91	22.91	22.46	23.83	25.85	25.42	24.81	24.30
FlowSAC*:	10.37	10.26	21.60	22.91	23.65	23.63	24.81	24.72	25.32	24.25
0225 : temple_3/frame_0040.png
 Matches:	14.85	20.64	24.52	26.12	27.24	28.31	29.26	30.13	31.90	33.76
 Outlier:	24.06	29.15	35.65	38.66	40.65	42.32	43.57	44.67	46.39	47.86
EpicFlow:	17.96	13.34	13.43	13.42	13.61	13.31	11.47	12.00	14.18	14.83
 RicFlow:	12.85	12.52	14.97	15.08	17.88	16.57	13.38	13.21	14.19	14.63
 FlowSAC:	12.74	12.04	11.70	13.81	11.87	11.12	9.91	9.37	8.48	9.80
FlowSAC*:	12.76	11.93	11.84	12.14	12.07	11.21	9.80	9.31	8.88	9.82
0226 : temple_3/frame_0041.png
 Matches:	22.05	29.18	32.88	34.47	35.65	36.39	36.94	37.51	38.29	38.92
 Outlier:	22.42	26.84	31.11	33.09	34.82	35.95	36.81	37.61	38.66	39.52
EpicFlow:	6.07	6.23	6.72	6.66	6.59	6.92	45.03	53.12	56.84	57.45
 RicFlow:	5.58	5.74	6.82	7.02	7.41	7.93	8.01	37.94	45.33	45.65
 FlowSAC:	5.18	5.52	6.08	6.07	5.75	5.72	6.64	6.28	6.59	6.87
FlowSAC*:	5.18	5.55	5.99	6.22	6.02	5.97	6.45	6.08	7.27	6.99
0227 : temple_3/frame_0042.png
 Matches:	25.66	32.16	35.68	37.20	38.33	39.25	40.40	41.07	41.58	42.09
 Outlier:	16.14	19.73	23.96	26.20	27.96	29.35	31.18	32.19	32.93	33.58
EpicFlow:	4.33	4.71	5.18	5.77	6.16	6.19	6.54	7.80	8.10	8.45
 RicFlow:	4.29	4.63	5.17	5.95	6.20	6.10	6.41	7.93	8.09	8.19
 FlowSAC:	4.04	4.28	4.31	4.16	4.99	5.00	5.28	5.62	5.84	6.41
FlowSAC*:	4.04	4.13	4.30	4.14	4.68	4.89	4.82	5.46	5.84	6.40
0228 : temple_3/frame_0043.png
 Matches:	28.86	35.50	38.85	40.17	41.01	41.63	42.02	42.35	42.64	42.89
 Outlier:	14.43	17.93	21.34	23.04	24.22	25.17	25.77	26.29	26.65	26.96
EpicFlow:	4.74	5.02	7.87	8.20	8.32	8.47	8.59	8.64	9.08	9.39
 RicFlow:	7.02	7.20	8.21	8.42	8.59	7.94	8.24	8.13	8.65	8.56
 FlowSAC:	5.00	4.88	4.98	5.12	5.47	5.27	4.98	4.95	5.24	4.93
FlowSAC*:	4.69	4.87	4.82	4.85	5.35	5.36	5.17	4.88	4.91	4.93
0229 : temple_3/frame_0045.png
 Matches:	31.27	36.88	39.85	40.92	41.98	42.95	43.67	43.96	44.26	44.92
 Outlier:	12.09	15.24	18.62	20.16	21.93	23.46	24.54	24.98	25.37	26.18
EpicFlow:	4.12	4.22	4.52	4.32	4.20	4.41	4.64	4.94	5.13	5.60
 RicFlow:	3.03	4.30	4.52	4.13	4.40	4.63	4.89	4.86	5.64	5.96
 FlowSAC:	1.97	2.00	1.83	2.32	2.01	2.08	2.44	2.04	3.00	2.59
FlowSAC*:	1.97	2.01	2.12	2.06	1.88	2.16	2.01	1.90	3.23	2.25
0230 : temple_3/frame_0046.png
 Matches:	30.39	35.56	38.23	39.14	39.77	40.54	41.47	42.61	44.18	45.07
 Outlier:	10.49	13.41	16.74	18.21	19.40	20.78	22.26	24.02	26.49	27.78
EpicFlow:	7.14	6.36	5.64	6.10	6.43	6.56	7.12	7.63	8.37	9.17
 RicFlow:	6.07	4.40	5.32	5.50	5.97	6.34	6.62	7.03	7.71	8.61
 FlowSAC:	6.11	5.91	4.62	4.50	4.71	4.71	3.93	4.84	5.01	5.43
FlowSAC*:	5.57	5.47	4.78	4.67	5.29	4.48	4.61	4.78	5.15	5.81
0231 : temple_3/frame_0047.png
 Matches:	31.28	36.66	39.27	40.30	40.96	41.47	41.82	42.08	43.15	44.94
 Outlier:	9.38	12.75	15.98	17.42	18.42	19.28	19.92	20.41	22.29	25.21
EpicFlow:	1.97	2.16	2.47	3.73	3.90	4.46	4.57	4.79	5.74	7.09
 RicFlow:	2.89	2.43	2.55	3.91	4.04	4.24	4.64	4.64	4.91	6.71
 FlowSAC:	1.48	2.01	2.75	2.68	2.73	3.30	3.67	3.52	3.34	3.43
FlowSAC*:	1.49	2.02	2.69	2.69	2.61	3.40	3.61	3.64	3.43	3.60
mean:
 Matches:	22.16	26.96	30.48	32.48	34.24	35.73	36.80	37.64	38.90	39.85
 Outlier:	15.61	21.52	27.46	30.85	33.61	35.77	37.24	38.36	39.95	41.12
EpicFlow:	12.93	13.12	13.97	14.35	15.50	16.40	16.69	16.89	17.50	18.21
 RicFlow:	13.41	13.54	14.34	14.76	15.29	15.80	17.02	17.65	18.13	18.72
 FlowSAC:	12.38	12.38	12.51	12.84	12.84	13.13	13.13	13.20	13.03	13.65
FlowSAC*:	12.58	12.31	12.56	12.74	12.87	13.09	13.07	13.22	13.06	13.68
