000 0.15	 0.15	 0.15	 0.14	 0.14	 0.14	 0.15	 0.14	 0.14	 0.14	 0.14	 0.14	 0.14	 0.14	 0.14	 0.14	 0.14	 0.14	 0.14	 0.14	 0.14	 alley_1/frame_0001.png
001 0.24	 0.24	 0.21	 0.21	 0.21	 0.21	 0.20	 0.21	 0.21	 0.21	 0.21	 0.20	 0.20	 0.21	 0.21	 0.21	 0.20	 0.21	 0.21	 0.21	 0.21	 alley_1/frame_0011.png
002 0.31	 0.31	 0.31	 0.27	 0.27	 0.28	 0.31	 0.27	 0.27	 0.27	 0.27	 0.28	 0.27	 0.27	 0.27	 0.27	 0.27	 0.27	 0.27	 0.27	 0.27	 alley_1/frame_0021.png
003 0.10	 0.10	 0.10	 0.10	 0.10	 0.10	 0.10	 0.10	 0.10	 0.10	 0.10	 0.10	 0.10	 0.10	 0.10	 0.10	 0.10	 0.10	 0.10	 0.10	 0.10	 alley_1/frame_0031.png
004 0.16	 0.16	 0.16	 0.16	 0.16	 0.16	 0.16	 0.16	 0.16	 0.16	 0.16	 0.16	 0.16	 0.16	 0.16	 0.16	 0.16	 0.16	 0.16	 0.16	 0.16	 alley_1/frame_0041.png
005 0.08	 0.08	 0.08	 0.08	 0.08	 0.08	 0.08	 0.08	 0.08	 0.08	 0.08	 0.08	 0.08	 0.08	 0.08	 0.08	 0.08	 0.08	 0.08	 0.08	 0.08	 alley_2/frame_0002.png
006 0.19	 0.19	 0.17	 0.17	 0.17	 0.17	 0.18	 0.17	 0.17	 0.17	 0.17	 0.17	 0.17	 0.17	 0.17	 0.17	 0.18	 0.18	 0.17	 0.17	 0.17	 alley_2/frame_0012.png
007 0.16	 0.16	 0.17	 0.17	 0.17	 0.17	 0.17	 0.17	 0.17	 0.17	 0.21	 0.17	 0.17	 0.17	 0.21	 0.21	 0.17	 0.17	 0.17	 0.21	 0.21	 alley_2/frame_0022.png
008 0.30	 0.26	 0.26	 0.26	 0.26	 0.26	 0.26	 0.26	 0.25	 0.25	 0.27	 0.26	 0.25	 0.25	 0.27	 0.27	 0.26	 0.25	 0.25	 0.27	 0.27	 alley_2/frame_0032.png
009 0.15	 0.15	 0.15	 0.15	 0.15	 0.15	 0.15	 0.15	 0.15	 0.15	 0.15	 0.15	 0.15	 0.15	 0.15	 0.15	 0.15	 0.15	 0.15	 0.15	 0.15	 alley_2/frame_0042.png
010 12.93	 12.88	 12.88	 13.02	 13.03	 13.03	 12.88	 12.99	 12.99	 12.99	 12.88	 12.88	 12.99	 12.99	 12.99	 12.85	 12.99	 12.99	 12.99	 12.85	 12.85	 ambush_2/frame_0003.png
011 50.69	 50.69	 50.60	 49.33	 49.33	 49.33	 50.60	 49.33	 49.33	 49.14	 49.14	 50.60	 49.33	 49.33	 49.14	 49.14	 49.33	 49.33	 49.14	 49.14	 49.14	 ambush_2/frame_0013.png
012 7.92	 7.92	 7.92	 7.92	 7.92	 7.92	 7.92	 7.92	 7.92	 7.92	 7.92	 7.92	 7.92	 7.92	 7.92	 7.92	 7.92	 7.92	 7.92	 7.92	 7.92	 ambush_4/frame_0003.png
013 12.56	 13.02	 11.73	 11.93	 14.51	 14.52	 11.73	 11.93	 14.51	 14.51	 14.52	 11.90	 14.52	 14.52	 14.52	 14.52	 14.52	 14.52	 14.52	 14.52	 14.52	 ambush_4/frame_0013.png
014 5.15	 5.15	 5.29	 5.51	 5.11	 4.83	 5.15	 5.50	 4.83	 4.83	 4.82	 5.51	 4.83	 4.83	 4.83	 4.82	 5.10	 4.82	 4.83	 4.83	 4.82	 ambush_4/frame_0023.png
015 1.38	 1.38	 1.48	 1.49	 1.49	 1.49	 1.49	 1.49	 1.49	 1.49	 1.49	 1.48	 1.49	 1.49	 1.49	 1.49	 1.48	 1.49	 1.49	 1.49	 1.88	 ambush_5/frame_0001.png
016 1.76	 1.76	 1.76	 1.74	 1.74	 1.74	 1.76	 1.73	 1.73	 1.73	 1.74	 1.80	 1.73	 1.74	 1.80	 1.80	 1.73	 1.73	 1.80	 1.80	 1.80	 ambush_5/frame_0011.png
017 2.02	 2.14	 2.12	 2.11	 2.11	 2.11	 2.12	 2.11	 2.11	 2.11	 2.05	 2.11	 2.11	 2.11	 2.13	 2.05	 2.11	 2.11	 2.13	 2.04	 2.05	 ambush_5/frame_0021.png
018 9.65	 10.11	 10.09	 10.47	 10.56	 10.56	 10.09	 10.47	 10.56	 10.55	 10.55	 10.09	 10.56	 10.51	 10.52	 10.52	 10.47	 10.51	 10.52	 10.52	 10.52	 ambush_5/frame_0031.png
019 7.32	 7.43	 7.42	 7.66	 7.72	 7.72	 7.42	 7.68	 7.75	 7.75	 7.75	 7.67	 7.74	 7.75	 7.75	 7.75	 7.73	 7.75	 7.87	 7.75	 7.75	 ambush_5/frame_0041.png
020 3.99	 3.94	 3.95	 4.41	 4.41	 4.41	 3.94	 4.41	 4.41	 4.87	 4.87	 4.38	 4.41	 4.87	 4.87	 4.87	 4.40	 4.87	 4.89	 4.87	 4.87	 ambush_6/frame_0002.png
021 9.20	 9.20	 9.05	 8.19	 8.19	 8.22	 9.05	 8.19	 8.22	 8.22	 8.22	 8.16	 8.19	 8.22	 8.22	 8.22	 8.19	 8.22	 8.22	 8.22	 8.22	 ambush_6/frame_0012.png
022 0.11	 0.11	 0.10	 0.10	 0.10	 0.10	 0.10	 0.10	 0.10	 0.10	 0.10	 0.10	 0.10	 0.10	 0.10	 0.10	 0.10	 0.10	 0.10	 0.10	 0.10	 ambush_7/frame_0003.png
023 1.22	 1.19	 1.14	 0.98	 0.99	 0.99	 1.14	 0.98	 0.98	 0.99	 0.99	 1.14	 0.98	 0.98	 0.99	 0.99	 0.97	 0.98	 0.98	 0.99	 0.99	 ambush_7/frame_0013.png
024 0.10	 0.10	 0.10	 0.10	 0.10	 0.10	 0.10	 0.10	 0.10	 0.10	 0.10	 0.10	 0.10	 0.10	 0.10	 0.10	 0.10	 0.10	 0.10	 0.10	 0.10	 ambush_7/frame_0023.png
025 0.30	 0.30	 0.30	 0.30	 0.30	 0.30	 0.30	 0.30	 0.30	 0.30	 0.30	 0.30	 0.30	 0.30	 0.30	 0.30	 0.30	 0.30	 0.30	 0.30	 0.30	 ambush_7/frame_0033.png
026 1.07	 1.07	 1.08	 1.09	 1.09	 1.09	 1.09	 1.09	 1.09	 1.09	 1.09	 1.10	 1.09	 1.09	 1.09	 1.09	 1.10	 1.09	 1.09	 1.09	 1.09	 ambush_7/frame_0043.png
027 0.25	 0.25	 0.25	 0.25	 0.25	 0.25	 0.25	 0.25	 0.25	 0.25	 0.25	 0.25	 0.25	 0.25	 0.25	 0.25	 0.25	 0.25	 0.25	 0.25	 0.25	 bamboo_1/frame_0004.png
028 0.28	 0.28	 0.28	 0.28	 0.28	 0.28	 0.28	 0.28	 0.28	 0.28	 0.28	 0.28	 0.28	 0.28	 0.28	 0.28	 0.28	 0.28	 0.28	 0.28	 0.28	 bamboo_1/frame_0014.png
029 0.35	 0.35	 0.35	 0.35	 0.35	 0.35	 0.35	 0.35	 0.35	 0.35	 0.35	 0.35	 0.35	 0.35	 0.35	 0.35	 0.35	 0.35	 0.35	 0.35	 0.35	 bamboo_1/frame_0024.png
030 0.35	 0.35	 0.35	 0.35	 0.35	 0.35	 0.35	 0.35	 0.35	 0.35	 0.35	 0.35	 0.35	 0.35	 0.35	 0.35	 0.35	 0.35	 0.35	 0.35	 0.35	 bamboo_1/frame_0034.png
031 0.39	 0.39	 0.39	 0.39	 0.40	 0.40	 0.39	 0.39	 0.40	 0.40	 0.40	 0.39	 0.40	 0.40	 0.40	 0.40	 0.39	 0.40	 0.40	 0.40	 0.40	 bamboo_1/frame_0044.png
032 0.23	 0.23	 0.23	 0.23	 0.23	 0.23	 0.23	 0.23	 0.23	 0.23	 0.23	 0.23	 0.23	 0.23	 0.23	 0.23	 0.23	 0.23	 0.23	 0.23	 0.23	 bamboo_2/frame_0005.png
033 0.74	 0.74	 0.74	 0.73	 0.73	 0.73	 0.74	 0.73	 0.74	 0.73	 0.73	 0.73	 0.73	 0.74	 0.73	 0.73	 0.73	 0.74	 0.74	 0.74	 0.73	 bamboo_2/frame_0015.png
034 0.44	 0.44	 0.44	 0.44	 0.44	 0.44	 0.44	 0.44	 0.44	 0.44	 0.44	 0.44	 0.44	 0.44	 0.44	 0.44	 0.44	 0.44	 0.44	 0.44	 0.45	 bamboo_2/frame_0025.png
035 0.73	 0.73	 0.72	 0.70	 0.70	 0.70	 0.73	 0.71	 0.70	 0.70	 0.70	 0.73	 0.71	 0.70	 0.70	 0.70	 0.73	 0.71	 0.70	 0.70	 0.70	 bamboo_2/frame_0035.png
036 2.18	 2.18	 2.03	 1.99	 1.96	 1.96	 2.03	 1.99	 1.99	 1.96	 1.96	 1.99	 1.99	 1.99	 1.96	 1.96	 2.00	 1.99	 1.99	 1.96	 1.96	 bamboo_2/frame_0045.png
037 0.55	 0.55	 0.55	 0.54	 0.51	 0.51	 0.55	 0.51	 0.51	 0.51	 0.51	 0.54	 0.51	 0.52	 0.52	 0.52	 0.51	 0.51	 0.52	 0.52	 0.52	 bandage_1/frame_0006.png
038 0.76	 0.76	 0.76	 0.70	 0.69	 0.69	 0.76	 0.73	 0.69	 0.69	 0.69	 0.75	 0.69	 0.69	 0.69	 0.69	 0.74	 0.69	 0.69	 0.69	 0.69	 bandage_1/frame_0016.png
039 0.25	 0.25	 0.25	 0.24	 0.24	 0.24	 0.25	 0.24	 0.24	 0.24	 0.25	 0.24	 0.24	 0.24	 0.24	 0.25	 0.24	 0.24	 0.24	 0.24	 0.25	 bandage_1/frame_0026.png
040 0.27	 0.27	 0.26	 0.25	 0.23	 0.23	 0.27	 0.25	 0.22	 0.22	 0.22	 0.26	 0.22	 0.22	 0.22	 0.22	 0.23	 0.22	 0.22	 0.22	 0.22	 bandage_1/frame_0036.png
041 0.72	 0.72	 0.71	 0.66	 0.65	 0.65	 0.71	 0.65	 0.65	 0.65	 0.65	 0.66	 0.65	 0.59	 0.59	 0.58	 0.65	 0.59	 0.59	 0.58	 0.58	 bandage_1/frame_0046.png
042 1.27	 1.27	 1.26	 1.25	 1.25	 1.25	 1.26	 1.25	 1.25	 1.25	 1.25	 1.25	 1.25	 1.25	 1.25	 1.25	 1.25	 1.25	 1.25	 1.25	 1.25	 bandage_2/frame_0007.png
043 0.51	 0.50	 0.49	 0.49	 0.49	 0.48	 0.49	 0.49	 0.48	 0.48	 0.48	 0.49	 0.48	 0.48	 0.48	 0.48	 0.49	 0.48	 0.48	 0.48	 0.48	 bandage_2/frame_0017.png
044 0.38	 0.38	 0.38	 0.37	 0.37	 0.37	 0.38	 0.37	 0.37	 0.37	 0.37	 0.37	 0.37	 0.37	 0.37	 0.37	 0.37	 0.37	 0.37	 0.37	 0.37	 bandage_2/frame_0027.png
045 0.20	 0.20	 0.20	 0.20	 0.20	 0.20	 0.20	 0.20	 0.20	 0.20	 0.20	 0.20	 0.20	 0.20	 0.20	 0.20	 0.20	 0.20	 0.20	 0.20	 0.20	 bandage_2/frame_0037.png
046 0.09	 0.09	 0.09	 0.09	 0.09	 0.09	 0.09	 0.09	 0.09	 0.09	 0.09	 0.09	 0.09	 0.09	 0.09	 0.09	 0.09	 0.09	 0.09	 0.09	 0.09	 bandage_2/frame_0047.png
047 1.36	 1.35	 1.30	 1.49	 1.57	 1.57	 1.30	 1.57	 1.57	 1.57	 1.58	 1.38	 1.57	 1.57	 1.58	 1.57	 1.53	 1.57	 1.58	 1.58	 1.57	 cave_2/frame_0008.png
048 3.67	 3.67	 3.65	 3.66	 3.66	 3.66	 3.65	 3.66	 3.66	 3.66	 3.81	 3.64	 3.66	 3.66	 3.81	 3.81	 3.66	 3.66	 3.81	 3.81	 3.81	 cave_2/frame_0018.png
049 8.62	 8.59	 8.54	 8.54	 8.54	 8.54	 8.54	 8.54	 8.54	 8.55	 8.57	 8.54	 8.54	 8.54	 8.55	 8.57	 8.54	 8.57	 8.55	 8.55	 8.57	 cave_2/frame_0028.png
050 5.04	 5.11	 5.14	 5.32	 5.35	 5.35	 5.16	 5.32	 5.35	 5.35	 5.33	 5.15	 5.35	 5.34	 5.34	 5.33	 5.32	 5.34	 5.35	 5.34	 5.38	 cave_2/frame_0038.png
051 0.52	 0.53	 0.54	 0.54	 0.54	 0.54	 0.52	 0.54	 0.54	 0.54	 0.54	 0.54	 0.54	 0.54	 0.54	 0.54	 0.54	 0.54	 0.54	 0.54	 0.54	 cave_2/frame_0048.png
052 4.54	 4.47	 4.52	 4.52	 4.61	 4.60	 4.52	 4.54	 4.54	 4.61	 4.61	 4.51	 4.53	 4.61	 4.61	 4.61	 4.53	 4.54	 4.61	 4.61	 4.61	 cave_4/frame_0009.png
053 2.04	 2.04	 2.04	 2.05	 2.05	 2.05	 2.04	 2.05	 2.06	 2.10	 2.08	 2.04	 2.05	 2.10	 2.10	 2.10	 2.05	 2.10	 2.10	 2.11	 2.14	 cave_4/frame_0019.png
054 0.63	 0.63	 0.63	 0.63	 0.63	 0.67	 0.63	 0.63	 0.68	 0.68	 0.68	 0.62	 0.63	 0.68	 0.68	 0.69	 0.62	 0.68	 0.69	 0.68	 0.69	 cave_4/frame_0029.png
055 0.90	 0.89	 0.89	 0.93	 0.93	 0.94	 0.89	 0.93	 0.93	 0.94	 0.94	 0.90	 0.94	 0.94	 0.94	 0.94	 0.93	 0.94	 0.94	 0.94	 0.94	 cave_4/frame_0039.png
056 5.46	 5.47	 5.48	 6.63	 6.63	 6.88	 5.49	 6.60	 6.88	 6.87	 7.05	 6.60	 6.59	 6.86	 7.05	 7.05	 6.60	 6.58	 7.05	 7.05	 7.05	 cave_4/frame_0049.png
057 1.18	 1.13	 1.12	 1.11	 1.11	 1.10	 1.13	 1.11	 1.11	 1.10	 1.10	 1.11	 1.11	 1.11	 1.11	 1.11	 1.11	 1.11	 1.11	 1.11	 1.11	 market_2/frame_0010.png
058 1.21	 1.21	 1.20	 1.20	 1.16	 1.16	 1.18	 1.16	 1.16	 1.16	 1.16	 1.18	 1.16	 1.16	 1.16	 1.16	 1.16	 1.16	 1.16	 1.16	 1.16	 market_2/frame_0020.png
059 0.39	 0.39	 0.38	 0.39	 0.39	 0.41	 0.39	 0.38	 0.39	 0.41	 0.41	 0.39	 0.39	 0.41	 0.41	 0.41	 0.39	 0.41	 0.41	 0.41	 0.41	 market_2/frame_0030.png
060 0.10	 0.10	 0.10	 0.10	 0.10	 0.10	 0.10	 0.10	 0.10	 0.10	 0.10	 0.10	 0.10	 0.10	 0.10	 0.10	 0.10	 0.10	 0.10	 0.10	 0.10	 market_2/frame_0040.png
061 7.57	 8.03	 8.05	 8.04	 8.23	 8.28	 8.05	 8.04	 8.28	 8.28	 8.30	 8.04	 8.23	 8.28	 8.29	 8.30	 8.23	 8.28	 8.29	 8.29	 8.30	 market_5/frame_0001.png
062 17.41	 18.00	 18.36	 18.37	 18.10	 18.10	 18.37	 18.37	 18.10	 18.10	 18.08	 18.37	 18.35	 18.10	 18.08	 18.09	 18.37	 18.35	 18.09	 18.09	 18.09	 market_5/frame_0011.png
063 15.23	 15.56	 16.41	 16.17	 16.18	 15.70	 15.48	 16.17	 15.70	 15.72	 15.72	 16.17	 15.70	 15.72	 15.72	 15.74	 15.70	 15.70	 15.72	 15.74	 15.74	 market_5/frame_0021.png
064 9.70	 9.70	 9.73	 9.66	 9.66	 9.66	 9.68	 9.65	 9.66	 9.66	 9.66	 9.66	 9.66	 9.66	 9.66	 9.66	 9.66	 9.66	 9.66	 9.66	 9.66	 market_5/frame_0031.png
065 1.36	 1.34	 1.34	 1.35	 1.64	 1.64	 1.36	 1.35	 1.64	 1.64	 1.64	 1.36	 1.56	 1.64	 1.64	 1.64	 1.56	 1.64	 1.64	 1.64	 1.64	 market_5/frame_0041.png
066 3.57	 3.57	 3.57	 3.58	 3.58	 3.58	 3.58	 3.55	 3.60	 3.59	 3.60	 3.58	 3.56	 3.59	 3.60	 3.60	 3.57	 3.56	 3.60	 3.61	 3.60	 market_6/frame_0002.png
067 3.26	 3.27	 3.84	 3.84	 3.84	 3.84	 3.83	 3.84	 3.83	 3.84	 3.84	 3.83	 3.84	 3.83	 3.84	 3.84	 3.83	 3.84	 3.83	 3.83	 3.83	 market_6/frame_0012.png
068 0.95	 0.95	 0.94	 0.93	 0.93	 0.93	 0.94	 0.93	 0.94	 0.94	 0.93	 0.94	 0.94	 0.94	 0.94	 0.93	 0.93	 0.94	 0.94	 0.94	 0.93	 market_6/frame_0022.png
069 2.97	 3.00	 3.05	 3.07	 3.07	 3.06	 3.04	 3.07	 3.06	 3.06	 3.06	 3.05	 3.07	 3.06	 3.06	 3.06	 3.06	 3.06	 3.06	 3.06	 3.06	 market_6/frame_0032.png
070 0.44	 0.44	 0.44	 0.44	 0.44	 0.44	 0.44	 0.44	 0.44	 0.44	 0.44	 0.45	 0.44	 0.44	 0.44	 0.44	 0.44	 0.44	 0.44	 0.44	 0.44	 mountain_1/frame_0003.png
071 0.60	 0.60	 0.60	 0.61	 0.61	 0.61	 0.60	 0.61	 0.62	 0.63	 0.63	 0.61	 0.62	 0.63	 0.63	 0.63	 0.61	 0.63	 0.63	 0.63	 0.63	 mountain_1/frame_0013.png
072 0.91	 0.91	 0.94	 0.94	 2.51	 2.51	 0.94	 0.94	 2.51	 2.51	 2.51	 0.94	 2.51	 2.51	 2.51	 2.51	 0.94	 2.51	 2.51	 2.51	 2.51	 mountain_1/frame_0023.png
073 0.35	 0.33	 0.33	 0.33	 0.33	 0.33	 0.33	 0.34	 0.33	 0.33	 0.33	 0.34	 0.33	 0.33	 0.33	 0.33	 0.34	 0.33	 0.33	 0.33	 0.33	 mountain_1/frame_0033.png
074 0.39	 0.39	 0.39	 0.39	 0.39	 0.39	 0.39	 0.39	 0.39	 0.39	 0.39	 0.39	 0.39	 0.39	 0.39	 0.39	 0.38	 0.39	 0.39	 0.39	 0.39	 mountain_1/frame_0043.png
075 0.19	 0.19	 0.19	 0.19	 0.19	 0.19	 0.19	 0.19	 0.19	 0.19	 0.19	 0.19	 0.19	 0.19	 0.19	 0.19	 0.19	 0.19	 0.19	 0.19	 0.19	 shaman_2/frame_0004.png
076 0.30	 0.30	 0.30	 0.29	 0.29	 0.29	 0.30	 0.29	 0.29	 0.30	 0.30	 0.29	 0.29	 0.30	 0.30	 0.30	 0.29	 0.30	 0.31	 0.31	 0.30	 shaman_2/frame_0014.png
077 0.30	 0.30	 0.30	 0.30	 0.30	 0.30	 0.30	 0.30	 0.30	 0.30	 0.30	 0.30	 0.30	 0.30	 0.30	 0.30	 0.30	 0.30	 0.30	 0.30	 0.30	 shaman_2/frame_0024.png
078 0.30	 0.30	 0.30	 0.30	 0.30	 0.30	 0.30	 0.30	 0.30	 0.30	 0.30	 0.30	 0.30	 0.30	 0.30	 0.30	 0.30	 0.30	 0.30	 0.30	 0.30	 shaman_2/frame_0034.png
079 0.14	 0.14	 0.14	 0.14	 0.14	 0.14	 0.14	 0.14	 0.14	 0.14	 0.14	 0.14	 0.14	 0.14	 0.14	 0.14	 0.14	 0.14	 0.14	 0.14	 0.14	 shaman_2/frame_0044.png
080 0.20	 0.20	 0.20	 0.20	 0.20	 0.20	 0.24	 0.20	 0.20	 0.20	 0.20	 0.20	 0.20	 0.20	 0.20	 0.20	 0.20	 0.20	 0.20	 0.20	 0.20	 shaman_3/frame_0005.png
081 0.25	 0.25	 0.25	 0.24	 0.24	 0.24	 0.25	 0.24	 0.24	 0.24	 0.24	 0.25	 0.24	 0.24	 0.24	 0.24	 0.24	 0.24	 0.24	 0.24	 0.26	 shaman_3/frame_0015.png
082 0.21	 0.21	 0.21	 0.21	 0.21	 0.21	 0.21	 0.21	 0.21	 0.21	 0.21	 0.21	 0.21	 0.21	 0.21	 0.21	 0.21	 0.21	 0.21	 0.21	 0.21	 shaman_3/frame_0025.png
083 0.35	 0.35	 0.35	 0.36	 0.34	 0.34	 0.35	 0.34	 0.33	 0.31	 0.31	 0.35	 0.34	 0.31	 0.31	 0.31	 0.34	 0.31	 0.31	 0.31	 0.31	 shaman_3/frame_0035.png
084 0.41	 0.42	 0.41	 0.41	 0.41	 0.41	 0.41	 0.41	 0.41	 0.40	 0.40	 0.41	 0.41	 0.40	 0.40	 0.40	 0.41	 0.40	 0.40	 0.40	 0.40	 shaman_3/frame_0045.png
085 0.10	 0.10	 0.10	 0.10	 0.10	 0.10	 0.10	 0.10	 0.10	 0.10	 0.10	 0.10	 0.10	 0.10	 0.10	 0.10	 0.10	 0.10	 0.10	 0.10	 0.10	 sleeping_1/frame_0006.png
086 0.10	 0.10	 0.10	 0.10	 0.10	 0.10	 0.10	 0.10	 0.10	 0.10	 0.10	 0.10	 0.10	 0.10	 0.10	 0.10	 0.10	 0.10	 0.10	 0.10	 0.10	 sleeping_1/frame_0016.png
087 0.10	 0.10	 0.10	 0.10	 0.10	 0.10	 0.10	 0.10	 0.10	 0.10	 0.10	 0.10	 0.10	 0.10	 0.10	 0.10	 0.10	 0.10	 0.10	 0.10	 0.10	 sleeping_1/frame_0026.png
088 0.10	 0.10	 0.10	 0.10	 0.10	 0.10	 0.10	 0.10	 0.10	 0.10	 0.10	 0.10	 0.10	 0.10	 0.10	 0.10	 0.10	 0.10	 0.10	 0.10	 0.10	 sleeping_1/frame_0036.png
089 0.10	 0.10	 0.10	 0.10	 0.10	 0.10	 0.10	 0.10	 0.10	 0.10	 0.10	 0.10	 0.10	 0.10	 0.10	 0.10	 0.10	 0.10	 0.10	 0.10	 0.10	 sleeping_1/frame_0046.png
090 0.06	 0.06	 0.06	 0.06	 0.06	 0.06	 0.06	 0.06	 0.06	 0.06	 0.06	 0.06	 0.06	 0.06	 0.06	 0.06	 0.06	 0.06	 0.06	 0.06	 0.06	 sleeping_2/frame_0007.png
091 0.06	 0.06	 0.06	 0.06	 0.06	 0.06	 0.06	 0.06	 0.06	 0.06	 0.06	 0.06	 0.06	 0.06	 0.06	 0.06	 0.06	 0.06	 0.06	 0.06	 0.06	 sleeping_2/frame_0017.png
092 0.07	 0.07	 0.07	 0.07	 0.07	 0.07	 0.07	 0.07	 0.07	 0.07	 0.07	 0.07	 0.07	 0.07	 0.07	 0.07	 0.07	 0.07	 0.07	 0.07	 0.07	 sleeping_2/frame_0027.png
093 0.07	 0.07	 0.07	 0.07	 0.07	 0.07	 0.07	 0.07	 0.07	 0.07	 0.07	 0.07	 0.07	 0.07	 0.07	 0.07	 0.07	 0.07	 0.07	 0.07	 0.07	 sleeping_2/frame_0037.png
094 0.08	 0.08	 0.08	 0.08	 0.08	 0.08	 0.08	 0.08	 0.08	 0.08	 0.08	 0.08	 0.08	 0.08	 0.08	 0.08	 0.08	 0.08	 0.08	 0.08	 0.08	 sleeping_2/frame_0047.png
095 1.01	 1.01	 1.01	 0.93	 0.86	 0.85	 1.01	 0.89	 0.86	 0.86	 0.85	 1.00	 0.86	 0.85	 0.85	 0.85	 0.90	 0.85	 0.85	 0.85	 0.85	 temple_2/frame_0008.png
096 1.98	 1.98	 1.97	 1.96	 1.98	 1.98	 1.98	 2.02	 1.98	 1.98	 1.95	 1.98	 1.98	 1.98	 1.95	 1.95	 2.03	 1.98	 1.95	 1.95	 1.95	 temple_2/frame_0018.png
097 10.19	 11.80	 11.79	 11.47	 11.45	 11.45	 11.47	 11.45	 11.45	 11.45	 11.45	 11.47	 11.44	 11.45	 11.45	 11.45	 11.43	 11.44	 11.44	 11.45	 11.45	 temple_2/frame_0028.png
098 0.51	 0.51	 0.52	 0.50	 0.49	 0.49	 0.51	 0.51	 0.50	 0.50	 0.50	 0.51	 0.50	 0.50	 0.50	 0.50	 0.50	 0.50	 0.50	 0.50	 0.50	 temple_2/frame_0038.png
099 0.39	 0.39	 0.39	 0.39	 0.36	 0.36	 0.39	 0.39	 0.36	 0.36	 0.36	 0.39	 0.36	 0.36	 0.36	 0.36	 0.39	 0.36	 0.36	 0.36	 0.36	 temple_2/frame_0048.png
100 0.86	 0.86	 0.86	 0.86	 0.86	 0.86	 0.86	 0.86	 0.86	 0.91	 0.91	 0.86	 0.86	 0.91	 0.91	 0.91	 0.86	 0.91	 0.91	 0.91	 0.91	 temple_3/frame_0009.png
101 2.08	 2.08	 2.12	 2.35	 2.35	 2.35	 2.12	 2.35	 2.35	 2.35	 2.35	 2.36	 2.35	 2.35	 2.35	 2.39	 2.36	 2.35	 2.35	 2.35	 2.39	 temple_3/frame_0019.png
102 11.19	 11.12	 11.10	 11.11	 11.12	 11.16	 11.13	 11.13	 11.13	 11.11	 11.17	 11.13	 11.15	 11.14	 11.13	 11.17	 11.15	 11.17	 11.14	 11.13	 11.18	 temple_3/frame_0029.png
103 12.77	 12.44	 12.86	 12.85	 12.81	 12.80	 12.43	 12.85	 12.84	 12.84	 12.87	 12.43	 12.87	 12.84	 12.84	 12.87	 12.46	 12.84	 12.83	 12.86	 12.87	 temple_3/frame_0039.png
104 1.77	 1.71	 1.70	 2.02	 2.02	 2.02	 1.70	 2.02	 2.02	 2.02	 2.02	 1.71	 2.02	 2.02	 2.02	 2.02	 2.02	 2.02	 2.02	 2.02	 2.02	 temple_3/frame_0049.png
aee2.73	 2.76	 2.77	 2.77	 2.81	 2.81	 2.75	 2.77	 2.81	 2.81	 2.82	 2.77	 2.81	 2.81	 2.82	 2.82	 2.79	 2.81	 2.82	 2.82	 2.82	 